35888
50018
68606
94366
97605
108466
108954
109003
113004
113870
116919
118694
119824
119843
121622
125913
128683
129817
130424
134311
138093
138127
138260
139037
139526
140381
146912
147298
148171
148687
149816
150081
150305
150916
151112
151502
152054
152199
153093
154493
154739
155070
155158
158418
158945
163384
164438
165672
166680
166984
170474
170678
171962
172675
172721
173072
173712
175756
179238
181091
181524
181883
181884
182483
183073
183250
183405
183587
183708
184644
187228
197077
197817
197906
198961
199129
199896
201044
201369
201880
201966
202272
203126
203993
204719
205493
206610
206887
207836
208164
209046
209138
209554
210018
210181
212755
215579
216703
217772
218223
220069
220235
221019
221655
221852
224447
228044
228765
228840
229070
229441
229584
229624
229626
230248
230447
231688
231977
232706
232771
241503
247663
248519
251970
252751
252913
256859
258969
260913
261474
262918
264383
270549
272107
272641
272654
273049
274646
274724
280286
280630
292938
293474
295577
302928
307149
308547
319268
321624
321891
322672
324773
342512
367980
405015
417603
435321
436418
443114
443338
461083
465909
482171
484244
484548
488805
496382
