34816	189
346116	1
78853	619
335363	45
229380	429
13834	946
413705	34
28177	30
301584	34
353821	1
455199	86
102427	30
184862	99
37918	135
495641	1
112670	1042
27679	1
1569	87
245793	66
43554	44
28195	17
472612	7
376354	1
10282	21
177193	21
449066	1
26159	17
13364	49
255031	957
37942	327
432190	1
10811	11
171075	19
10817	97
388172	24
329294	17
472657	130
161364	37
189012	601
99416	57
130145	29
9825	191
371300	2
105573	39
33893	76
345196	16
268393	115
29297	99
30837	24
214650	8
187000	22
150652	3
173187	47
148615	75
13957	3
9861	60
22662	31
422016	104
54407	49
30344	4
77449	69
68233	46
138377	2
383625	555
142476	21
237709	24
28304	26
324246	3
325777	2
64663	134
352413	1
506014	27
275614	9
1695	3
85665	215
31907	726
204455	40
19623	58
92838	104
53929	109
211625	29
385192	19
16046	42
72371	511
90805	16
145592	105
53952	297
53959	8
13015	339
349400	192
414939	64
312038	37
7404	-1
330987	45
32494	378
241394	14
248054	72
94452	181
341232	2
232699	29
400636	48
11514	22
24826	4
52474	56
249593	3
404731	153
18174	5
33534	502
337658	3
419577	135
40707	4
34052	5
40708	5
24839	13
21769	757
8458	117
94474	44
21776	1
16152	59
22815	216
23328	742
29474	327
297248	1
124203	1916
15662	72
412982	11
246577	2
15667	92
10035	9
165174	538
428862	121
372030	2
167740	83
21823	252
12609	2437
9026	391
319298	199
120651	13
125771	237
414029	127
369480	895
271700	4
297808	8
311120	109
27989	146
88923	53
79706	1067
94047	1057
12640	6
81249	1
206693	18
86887	112
18792	19
208744	147
29036	1167
407402	8
34670	86
53102	153
10096	843
401270	9
13684	146
12665	16
414076	2
53115	84
144253	1155
53634	91
18306	1
76675	73
31110	10
217994	46
197011	14
401815	57
140179	16
426903	2
139152	19
463252	1867
66453	5
12695	88
43927	51
73624	165
43418	106
392607	5
49052	310
307109	14
9122	1798
19363	290
183206	1
384930	1
421806	182
57257	1651
49068	4
6063	234
399798	3
9649	294
188339	19
49077	15
108473	440
16313	6
8634	391
12740	393
300992	19
323020	1076
60364	10
384458	36
109009	37
3536	12
171984	11
339414	1
465363	715
27093	12
64984	16
212442	1
181220	1031
72169	279
42984	84
290285	1
18926	51
407542	-1
419316	1
29683	43
380918	5
290288	21
22005	51
394225	90
343039	178
16378	35
110074	1484
396795	24
394233	93
