44032	2
41219	1
44038	67
41735	2
38024	5
45704	16
34825	-1
25355	1
32527	83
48784	1
40212	5
45335	8
32536	54
16280	1
41373	106
45982	5
23202	3
42281	140
45481	-1
42283	67
38061	11
46512	-1
40755	3
37560	3
48953	20
9150	3
46271	18
35519	5
46144	3
26433	8
45636	33
46404	18
41156	19
17862	-1
43078	1
48588	3
40412	-1
41565	51
24159	-1
33888	22
46049	1
41186	3
44644	10
30950	28
37736	3
43113	786
47465	1
49002	116
36332	-1
40172	-1
42094	-1
45039	101
35568	656
42099	96
35831	2
40951	-1
17531	1
33531	-1
42108	65
44157	1
