9517
12044
13243
13916
13921
14837
17317
22655
24082
24271
27194
28277
28698
30412
31300
36427
38499
41688
42208
43103
45349
46875
47097
47731
49352
49619
51093
51187
52750
52801
53603
55349
58098
62878
63400
63675
64108
66646
67274
68586
70005
70079
75843
77193
79793
80455
81172
82839
84724
88195
88397
91306
99330
100155
108247
111653
113731
120560
121057
124182
125013
129354
133731
141492
143171
150249
152142
153044
153912
161282
165689
167590
172388
178744
185043
185113
186291
194175
195808
201096
201718
202129
215448
217126
224132
224183
228506
228641
232773
233941
239695
239940
243147
243284
244431
246635
248659
249549
251356
251824
252415
252591
252779
255448
255449
256087
256574
259093
259413
261100
261198
262389
262511
262877
263751
263935
264504
264999
266646
266831
267358
267554
267616
267776
271139
272366
272567
274364
275308
278201
279124
279981
283697
285852
286221
286406
287049
287078
288121
289992
290913
294322
294763
296229
296781
296782
297280
297593
297663
297709
298066
298520
299127
300901
301242
303313
303705
304174
304792
304927
305255
306392
306646
306970
308978
309977
311603
314354
316155
317497
318388
320916
320983
321385
321608
329248
330057
331028
331115
333541
333631
334864
335132
335249
338089
338638
338673
339000
340338
341109
342410
342858
352785
354766
358823
362404
364539
369319
370952
372973
374920
377318
378068
383491
387536
388342
390546
391389
393932
394296
395919
396823
397842
398648
401418
408072
411641
416016
416401
416998
419692
421383
421506
422506
422792
425109
427227
432125
432781
434269
434791
437398
437847
440930
442614
443410
460799
462948
465521
466252
491756
492173
