9122
9649
10096
10811
10817
12640
12665
13015
13364
13957
18306
21776
21823
22815
23328
24839
27989
28195
29036
29297
29683
30837
31110
33534
33893
34670
37918
37942
40707
42984
43418
49068
49077
53115
53634
53929
53952
53959
57257
64984
72169
76675
85665
86887
90805
94047
94452
94474
102427
105573
108473
112670
120651
125771
144253
161364
165174
171075
183206
184862
197011
204455
206693
208744
212442
217994
241394
255031
275614
297808
323020
335363
339414
343039
371300
396795
400636
401815
421806
422016
428862
432190
455199
463252
