312324
209410
267782
426497
279043
170510
485384
207372
313365
228882
261649
266262
202772
337938
218142
255006
333850
236066
229921
405027
204329
218159
222253
282667
312363
303156
166450
200754
332852
244784
332851
406064
194101
303667
419902
192574
371768
327749
277573
328772
232006
315970
216644
198731
326221
472661
200791
320081
420433
199259
256603
265816
256605
320612
220258
252002
412261
265312
292972
389230
303215
222824
485482
490090
206444
295030
193136
197745
237169
331383
314999
324215
334448
267390
424060
318074
318075
211587
171138
314500
211585
267910
318086
125572
428161
292995
224907
280205
213642
323208
199309
222866
319126
411797
338578
222868
342686
234142
234141
321690
259233
316071
342694
463008
321708
261803
207530
320175
261805
244908
296107
325813
264887
316595
320188
314558
277176
326841
198334
252093
338107
218306
265408
199366
218310
472769
183492
265410
218308
421569
259273
316106
461000
258252
197329
259286
326866
327379
197332
165082
254687
314584
267481
337624
205532
254684
343780
219878
249061
324333
327919
273135
337643
192756
414448
192762
342782
247039
223484
181506
211713
327936
242950
264962
267523
192778
331532
267528
337673
275722
259856
236823
486675
19733
208667
288029
411935
236831
264984
240926
404763
264986
319259
319269
328999
328998
230183
235302
206118
230182
269091
266539
234803
270644
226608
265010
164154
325950
464701
90428
259389
302394
327994
341818
424262
348487
302407
207686
257861
255307
257864
264527
265551
297807
184655
321354
328011
134483
342356
398676
233809
233808
333137
342352
216405
207706
329054
258904
328542
339291
250717
263514
251740
473446
317797
255329
473443
310114
258916
258927
209774
232813
255347
217971
327029
294774
254833
237936
315248
263537
310643
238970
369023
255352
221053
198012
414086
426374
266118
319878
238976
408450
257926
193415
246155
351118
266120
197007
259471
197005
266122
216467
327060
321428
174480
266640
321427
198043
266140
235930
172952
327582
249240
273823
254872
275359
172958
194975
273819
483749
295335
196007
194981
119206
218027
384431
225199
321450
418740
165815
200630
287666
263613
321469
264126
197049
258488
196541
167363
420290
337345
329155
410048
224196
260555
223178
273357
328142
256975
221139
112597
256980
408030
331740
218584
271323
317925
230369
223207
317920
317921
266723
329197
327147
471541
198132
342002
270332
419327
221177
255481
257017
420858
315897
264698
