263173
140289
99330
244742
305155
330754
339980
401418
417801
443410
334864
259093
334876
28698
258072
103450
90140
296998
292903
111653
217126
236582
372768
272418
425006
304174
298031
291893
124978
55349
283697
475198
178238
321592
317497
339000
394296
294970
75843
113731
250944
463936
464974
26699
288847
239695
321608
261198
291924
364628
250961
271446
125013
256087
298066
372818
66646
267358
434269
272472
269401
43103
290916
462948
305255
458852
391265
23652
290913
338018
443498
409707
341109
102512
204914
285814
299127
151668
284793
409723
22655
317563
397447
88195
383110
97413
318607
477324
374920
350347
437398
272532
425109
416915
201878
424083
285852
321693
228506
153755
285854
264356
309415
324769
288931
91306
338089
159917
337077
272567
141492
213179
63675
373950
430267
301242
457926
216258
411841
49352
117960
407759
365775
307407
289992
405704
266442
385237
378068
303313
303314
479440
316627
391389
433373
306392
318681
427227
424166
121057
42208
416998
154851
195808
386272
416992
372973
491756
265448
332008
100593
442614
262389
362743
388342
283891
347389
46332
289028
401666
318734
364815
130317
370952
318731
416022
331028
420116
339222
81172
278802
371987
416016
124182
337181
335132
400668
82204
60703
395558
296229
228641
403749
422178
45349
267554
331053
372013
102696
149803
149801
9517
298281
339248
394547
399665
311603
225594
153912
295230
264504
218431
398648
297280
43332
232773
218437
239940
349517
356687
129354
466252
330057
88397
210255
287049
231757
429399
65875
290135
477523
259413
41302
312659
338271
424283
287078
476517
53603
43364
267616
172388
6503
319854
262511
24941
331115
320875
279924
342391
70005
340338
315772
383358
288121
93567
408966
414084
432515
8581
176516
431488
77193
465293
489869
201096
342410
125326
320916
430487
414100
202129
266646
313751
335249
107924
408979
303506
378258
390546
245140
264606
215448
199064
295320
62878
90528
358823
265638
327079
287136
21926
279981
414122
395691
433591
260528
297392
373169
397747
294322
252340
304573
429498
70079
416198
394692
59845
347587
243147
347599
354766
403917
403927
306646
403924
49619
320983
386518
277968
360913
387536
233941
26070
153044
255449
255448
458200
251356
326116
257505
377318
463332
394721
430574
332271
430573
412139
344552
468457
488951
393719
59891
340470
14837
44535
202239
252415
478714
374264
161282
421383
267776
330241
303617
17925
245254
383491
463360
286221
385550
35339
408072
52750
396809
321035
260626
396823
24082
476693
252432
352785
397842
264722
407056
298520
311835
329252
277031
329248
331311
267829
408114
67124
296498
178744
27194
79419
410173
410170
331320
256574
297529
460359
52801
263751
31300
439874
45638
80455
264770
242244
154186
262732
266831
36427
152142
252493
306763
208460
279124
437847
349782
449107
260694
418384
243284
262748
297566
237144
13916
433754
303705
262746
276068
133731
13921
434791
19043
274023
38499
440930
436832
344674
250472
422506
64108
62062
439912
298603
47729
388724
47731
398965
262768
28277
465521
211578
297593
194175
216707
424581
421506
280193
288385
432771
324237
37513
395919
492173
247433
267918
287374
369295
432781
276111
125580
196242
334480
398995
416401
19097
217753
339614
234143
304792
32412
424614
369319
167590
450208
297645
330415
438956
252591
1708
424616
331447
303794
297663
278201
266938
286406
434884
19145
312014
393932
338638
67274
244431
30412
332489
249549
24271
185043
295638
395989
108247
266962
41688
262877
308957
309977
395992
333541
94951
392931
297709
150249
125677
326377
460521
120561
120560
58098
391927
338673
84724
308978
338675
392946
398076
263935
316155
99072
436997
406274
30468
410371
35590
408334
185102
12044
395016
62226
251670
288529
381714
249620
185113
46875
304927
297752
61212
161566
306970
34591
329498
264999
271139
283427
318255
317224
339752
337707
338731
309035
443191
181040
286524
395071
100155
333631
165689
143171
244548
179018
374605
296781
296782
444236
406347
342858
248659
185172
285523
231263
195423
296794
387940
300901
266085
490337
230244
246635
252779
275308
266092
419692
189294
367465
321385
294763
328554
29553
369527
294768
376688
271228
343935
144249
338809
349051
296836
285573
418692
217984
260992
285568
224132
342926
422792
411529
393098
306069
51093
330640
82839
325523
299928
184222
362404
262050
231329
93093
17317
179109
63400
296878
443309
314283
318388
79793
186291
251824
224183
264112
55221
187316
274364
13243
393147
385989
81856
285637
336833
444354
177095
411585
329677
90057
71627
443341
69581
426963
304083
395231
140248
395228
337887
139231
474073
190438
272354
294893
434159
272366
337903
388078
68586
267241
338923
333803
261100
388074
404471
127987
411636
381942
51187
201718
314354
276467
460799
47097
422908
432125
404477
434173
409594
329720
471034
364539
313339
411641
