149506
267264
229382
182277
232463
203795
119824
173072
394260
138260
177177
383001
175134
173085
175138
119843
147494
179238
206887
153640
153641
230447
151599
226349
35888
123953
190515
172080
280630
56371
179259
151609
177212
251970
269381
229441
129093
198724
220235
166984
331855
292938
233562
114779
174168
321624
308313
140381
189533
210018
240737
474220
218223
183405
277611
154739
322672
136314
183417
435321
304258
178309
263299
246926
214156
179345
195729
101524
209046
130199
155796
312466
90264
224409
174232
201880
94366
297115
324773
147619
209056
134311
312495
116919
165045
176315
197817
264383
224447
168126
484548
180417
436418
180420
237764
179401
148687
221390
407755
264394
113870
210131
186578
182483
284885
270549
274646
229584
139482
203993
199896
233699
177379
158945
310496
201966
209138
227570
274678
217333
217332
323827
229626
50425
229624
274687
185597
209155
232706
139526
213255
272641
210181
481537
196874
272654
216329
231688
101644
201998
177420
404744
481559
181523
197906
490770
146711
181524
213268
461083
354586
134434
274724
183587
125221
208164
266548
198961
198965
149816
131391
190780
307524
232771
97605
184646
184647
184644
308547
151884
186701
151885
173393
226640
242000
256343
263505
238934
178517
201044
159066
128345
163161
290138
261474
488805
157030
321891
117094
221547
394606
367980
130411
113004
130414
269685
372087
203126
156021
130424
227706
219513
174457
280955
176509
81281
173447
150916
149900
202124
167313
204187
343455
108954
121245
229791
157087
308633
228765
183708
183715
248231
241074
163258
216504
155070
145854
227774
197056
171462
61894
109003
175566
143823
202195
213457
266711
171473
221655
197077
319965
199129
149976
383448
199134
146912
168417
115173
226788
170474
160233
228840
223727
199149
164337
226800
152054
342512
241145
206335
264696
335353
230911
199169
280070
258560
153093
169480
296457
297483
405015
155158
66069
211477
215579
218648
441883
202272
309795
138795
231977
280119
163384
96828
329287
150081
227904
230987
490062
151112
218697
220745
222793
151113
267848
230989
171601
164438
201306
231001
201304
418392
203356
227932
185955
210529
293474
153195
201325
181878
158326
204404
158331
181883
311933
216703
181884
172675
152199
151172
209547
152200
175756
166546
209554
173712
138903
129689
238235
201369
172703
273049
295577
221852
268966
229024
489122
198310
102055
198309
255659
128683
172716
217772
172721
170678
65204
205493
215743
195267
264901
96962
248519
475855
148171
465614
264904
229070
228044
219852
158418
166610
125648
187094
160475
280286
172767
173791
180960
291559
156385
173793
217824
461549
184041
443114
94956
181997
272107
298742
153329
226037
496382
156414
191231
218878
162557
247553
262918
191232
170756
184068
400129
212745
188168
216840
212755
206610
225047
299792
278289
121622
129817
166680
183070
139037
272164
319268
227105
183072
150305
183073
135976
165672
469803
260913
159540
182075
171838
257852
383802
181058
195394
230209
157504
417603
181063
167749
429902
174923
98123
252751
326472
302928
205655
284496
97109
221019
256859
312156
241503
230239
483163
187228
147298
181091
50018
218983
201572
181093
230248
287599
247663
370536
138093
216946
82803
135025
153460
163707
482171
264056
264057
169852
154493
225148
109440
212869
185225
311183
138127
166801
484244
309137
258969
344996
166819
220069
118694
166826
204719
234414
264106
206765
176045
108466
79794
381875
102326
171962
432063
225210
380857
486328
170941
244673
182215
238539
307149
238536
151502
443338
151501
183250
296917
133072
201681
474069
208855
231382
125913
183260
207836
479192
154593
153575
215014
265198
136172
308214
231409
252913
465909
90102
68606
