74753
482309
421902
66570
404489
421897
343060
478225
71702
71705
391196
430108
69658
421927
383015
336934
392245
412726
406586
120892
430136
93249
383046
426048
427072
383062
425040
399453
426074
418919
406627
427105
385132
406636
427117
415850
418921
416886
394356
416885
424053
385137
472178
449659
417923
401551
430219
376977
417937
398490
415911
135328
420004
422051
418979
391331
24747
431275
425142
422064
74934
399537
402609
404657
402618
420038
425156
381121
405699
425152
425153
483534
480462
399567
65738
110797
43212
424138
420041
404690
412882
423122
418000
25815
82137
426206
227546
429279
413913
426214
424167
291040
126180
430307
479469
176364
3313
420080
402673
419057
193784
404728
403705
418041
42243
10499
424195
385293
335118
400650
95505
421148
25890
424226
396576
380194
391464
424242
418096
384317
406846
427320
400710
462147
384320
415043
391500
399695
427337
228691
405843
424286
419165
66908
417113
403810
499048
422259
430451
193909
400761
401796
402818
402819
405889
340365
168331
85384
402831
382350
382347
157069
382353
161175
382355
383378
399773
380313
399770
399768
399769
42402
399780
381345
147877
405934
427438
399791
416175
367023
381358
403881
427433
416183
428468
41395
416181
399794
399792
399793
287164
406973
94653
420283
401848
434630
406982
114116
335309
71113
426447
402892
427479
375248
424403
144858
424415
427483
165346
400871
230885
489963
334315
412150
412151
412149
427504
96765
412155
291322
31230
412153
427532
401941
426515
31261
426520
388634
426534
69152
27173
418347
384567
393781
416307
420413
405051
415291
416313
422468
426565
407106
152135
426563
178760
39499
405069
405066
423496
380501
41554
384595
423505
426590
234074
410207
426589
421469
438875
384600
407131
422489
421473
395886
417388
402028
390761
420458
22132
383600
405104
401030
420482
390784
388739
383624
401035
426633
407191
409236
425621
423582
426652
392862
409245
143001
384667
384666
408230
415399
429733
409250
402080
384687
414380
60081
424631
426676
414384
403132
69308
116419
456395
404169
391893
391895
391894
366298
391898
421607
390883
418528
383714
390882
382701
415470
27370
414444
384750
103148
357110
86779
421628
424710
455427
407297
424718
424712
429833
402198
424727
424725
484114
363293
426778
25377
418599
410402
426792
145202
425783
415541
416560
334652
404285
135997
402233
425798
407364
11076
398158
29516
388936
365387
386901
431963
478042
29536
73573
426851
429934
27499
396139
217966
417659
399224
406392
222080
442245
417669
413569
424845
413592
419748
392099
364450
409517
383913
392119
162740
95167
79809
481223
391108
25539
406469
497603
423872
170954
383949
73675
383950
430026
430027
409544
403410
430035
417759
425951
69598
383973
396258
361441
424930
383968
383970
388085
426998
403444
430069
422901
409586
382960
488441
