34816
346116
78853
335363
229380
13834
413705
28177
301584
353821
455199
102427
184862
37918
495641
112670
27679
1569
245793
43554
28195
472612
376354
10282
177193
449066
26159
13364
255031
37942
432190
10811
171075
10817
388172
329294
472657
161364
189012
99416
130145
9825
371300
105573
33893
345196
268393
29297
30837
214650
187000
150652
173187
148615
13957
9861
22662
422016
54407
30344
77449
68233
138377
383625
142476
237709
28304
324246
325777
64663
352413
506014
275614
1695
85665
31907
204455
19623
92838
53929
211625
385192
16046
72371
90805
145592
53952
53959
13015
349400
414939
312038
7404
330987
32494
241394
248054
94452
341232
232699
400636
11514
24826
52474
249593
404731
18174
33534
337658
419577
40707
34052
40708
24839
21769
8458
94474
21776
16152
22815
23328
29474
297248
124203
15662
412982
246577
15667
10035
165174
428862
372030
167740
21823
12609
9026
319298
120651
125771
414029
369480
271700
297808
311120
27989
88923
79706
94047
12640
81249
206693
86887
18792
208744
29036
407402
34670
53102
10096
401270
13684
12665
414076
53115
144253
53634
18306
76675
31110
217994
197011
401815
140179
426903
139152
463252
66453
12695
43927
73624
43418
392607
49052
307109
9122
19363
183206
384930
421806
57257
49068
6063
399798
9649
188339
49077
108473
16313
8634
12740
300992
323020
60364
384458
109009
3536
171984
339414
465363
27093
64984
212442
181220
72169
42984
290285
18926
407542
419316
29683
380918
290288
22005
394225
343039
16378
110074
396795
394233
