56321
48131
48132
48133
49159
47111
48135
48137
53257
48139
54284
50189
48143
50192
48146
48147
56339
51220
48148
48149
52245
55317
48150
48151
46105
51226
51229
49181
50207
49184
52259
55331
55333
48172
43053
56365
55342
50222
48175
48176
51251
53301
50230
42039
49207
50232
55357
51264
49217
54338
48196
49221
53322
49226
49227
51276
49228
50252
58444
51278
52303
49234
53333
42072
49240
48217
53337
56409
53339
52316
51294
53342
56416
52321
54370
56418
41059
54371
48230
52326
55399
52328
48233
53353
56425
48234
53354
51310
54382
48239
54387
53366
56441
41089
58497
56449
56451
49284
50308
52356
50310
48266
49290
48267
12428
58508
51340
43150
56463
51344
49297
49299
50325
53398
56472
53406
55454
48288
52387
54438
58535
48296
48297
58541
50351
50353
54450
28852
52405
56501
53430
43191
50360
54456
51386
49340
48318
57534
49345
51395
51396
56518
58568
56521
53450
57546
55500
49360
56529
56536
51418
53467
49372
52445
49376
54496
55521
56545
47331
55524
50408
58603
54507
51436
44268
52461
51445
51447
53498
52474
51453
56573
52480
56578
48387
52488
51467
48399
50448
47378
49426
52500
57621
55576
56606
55582
52511
56611
58660
48421
48424
53545
57643
51503
47413
54585
48443
51518
52543
50496
52547
49476
49478
53574
54599
50503
38216
54602
57674
51532
58701
55629
53584
56657
57683
51544
51545
56665
54618
49503
52577
51555
57700
51557
51558
50535
57704
52586
52587
57708
54638
52591
49522
49525
50550
53623
53624
42361
49530
50554
57723
52607
49536
51584
55681
51586
55684
48517
56710
49543
56712
48523
56717
49550
49555
53654
50582
51610
49567
49570
13731
56739
50597
57765
50598
48551
50601
51630
54703
54707
57779
51640
54712
51641
51644
52671
53697
51653
51654
56777
42444
56780
49613
37326
44494
47568
49617
49625
55772
53725
56797
56801
39396
57833
57837
52719
57841
52724
52725
55798
52726
50679
52727
50680
52729
50683
52731
52732
53758
55807
51712
48643
59908
48644
49669
42503
54801
43538
49683
48660
50709
48662
53783
50713
51741
50720
51744
53793
50721
55842
49698
50726
52776
52777
51758
48689
52792
49721
50747
49726
51774
56900
57931
56907
33356
50771
49750
50780
49757
52830
53854
52833
50790
53863
52839
54888
53867
53869
52846
53871
57969
50802
52850
49779
57977
52858
47744
55943
49802
50826
37515
51860
55956
38553
54939
51872
55973
58023
51881
54955
51887
57011
43706
54971
42693
48837
54981
51910
53960
51912
54984
49865
47820
47827
42707
49876
56021
50903
54999
52953
49883
49884
48861
52957
57054
53986
46819
48870
58086
52970
56042
56045
52974
50928
51952
58096
50929
49909
41722
55035
54011
54012
48895
54017
51972
54022
57099
55052
50957
49937
48914
54044
55073
49957
50984
52009
43819
54060
58157
50991
54067
49978
57148
53057
57154
46915
58179
49991
53063
49994
58187
53067
48973
54096
58192
53074
55125
52055
43868
57180
51038
50016
50017
50018
53090
54115
46947
46950
57190
49000
50027
54123
55160
57208
54141
56190
54144
48004
50054
55177
55179
46988
55180
50063
52113
53138
56213
49045
56217
54170
50087
52135
53161
55210
54190
40881
53169
58296
56248
50105
50107
50108
52156
49086
51136
57281
49091
49092
49099
52173
49102
50127
49103
49104
49105
49106
51154
51155
52184
49118
54239
48097
46051
55267
56293
58342
49127
54249
49132
57324
49134
57326
50159
54256
48113
55282
57331
52213
49141
48117
49142
54262
49143
49144
48120
50168
48121
50169
57338
48123
51197
