263173	1
140289	80
99330	14
244742	65
305155	4
330754	1
339980	1
401418	63
417801	1
443410	2306
334864	114
259093	5
334876	11
28698	130
258072	59
103450	1
90140	16
296998	103
292903	10
111653	27
217126	27
236582	228
372768	8
272418	259
425006	88
304174	172
298031	6
291893	45
124978	5
55349	415
283697	23
475198	5
178238	17
321592	2
317497	898
339000	4
394296	3
294970	28
75843	110
113731	7
250944	1
463936	3
464974	1
26699	19
288847	103
239695	10
321608	3
261198	186
291924	7
364628	627
250961	391
271446	2
125013	5
256087	1
298066	285
372818	799
66646	3
267358	4
434269	21
272472	1
269401	1
43103	232
290916	73
462948	64
305255	1
458852	49
391265	256
23652	268
290913	1
338018	3
443498	1
409707	136
341109	11
102512	37
204914	13
285814	1
299127	177
151668	29
284793	10
409723	3
22655	89
317563	6
397447	6
88195	4020
383110	1
97413	300
318607	4
477324	1
374920	80
350347	2
437398	1254
272532	90
425109	12
416915	1201
201878	36
424083	2185
285852	9
321693	528
228506	7
153755	1
285854	10
264356	5
309415	657
324769	35
288931	21
91306	387
338089	13
159917	4
337077	1
272567	8
141492	55
213179	721
63675	76
373950	1
430267	15
301242	-1
457926	90
216258	11
411841	32
49352	922
117960	2
407759	53
365775	22
307407	42
289992	3
405704	19
266442	1
385237	43
378068	2
303313	1382
303314	224
479440	10
316627	7
391389	1
433373	72
306392	6
318681	16
427227	1
424166	10
121057	7
42208	200
416998	1
154851	18
195808	21
386272	4
416992	1
372973	16
491756	465
265448	2
332008	13
100593	51
442614	1883
262389	1824
362743	351
388342	69
283891	65
347389	2
46332	68
289028	247
401666	1
318734	27
364815	1
130317	410
370952	16
318731	21
416022	752
331028	11
420116	12
339222	77
81172	59
278802	10
371987	136
416016	26
124182	1
337181	2
335132	42
400668	40
82204	4
60703	426
395558	9
296229	10
228641	287
403749	1
422178	2
45349	82
267554	1
331053	8
372013	33
102696	38
149803	1
149801	1
9517	1695
298281	10
339248	2
394547	10
399665	64
311603	18
225594	2
153912	288
295230	19
264504	41
218431	3
398648	78
297280	189
43332	5
232773	338
218437	367
239940	44
349517	23
356687	11
129354	37
466252	37
330057	2
88397	85
210255	8
287049	1301
231757	6
429399	32
65875	10
290135	67
477523	17
259413	106
41302	3
312659	-1
338271	5
424283	13
287078	55
476517	1
53603	29
43364	2878
267616	59
172388	21
6503	106
319854	1
262511	588
24941	8
331115	30
320875	4
279924	74
342391	3
70005	18
340338	21
315772	15
383358	6
288121	19
93567	65
408966	4
414084	18
432515	5
8581	86
176516	1
431488	1
77193	17
465293	17
489869	3
201096	25
342410	21
125326	3
320916	16
430487	1
414100	3
202129	120
266646	1
313751	1305
335249	140
107924	32
408979	36
303506	1
378258	6
390546	24
245140	17
264606	6
215448	52
199064	533
295320	10
62878	6
90528	29
358823	3
265638	1
327079	13
287136	7
21926	67
279981	1389
414122	9
395691	3
433591	17
260528	64
297392	1
373169	4
397747	1
294322	137
252340	26
304573	1
429498	1
70079	301
416198	3
394692	10
59845	32
347587	149
243147	5
347599	5
354766	1541
403917	2
403927	6
306646	21
403924	2
49619	6998
320983	315
386518	33
277968	65
360913	6700
387536	22
233941	58
26070	1
153044	1
255449	1
255448	27
458200	5
251356	170
326116	77
257505	35
377318	30
463332	57
394721	68
430574	293
332271	15
430573	5
412139	1
344552	41
468457	41
488951	300
393719	630
59891	478
340470	1
14837	192
44535	191
202239	5
252415	5
478714	46
374264	1
161282	9
421383	332
267776	76
330241	1
303617	18
17925	677
245254	61
383491	2
463360	10
286221	5
385550	18
35339	365
408072	38
52750	51
396809	1452
321035	1
260626	68
396823	22
24082	48
476693	72
252432	2
352785	14
397842	70
264722	2
407056	15
298520	17
311835	69
329252	238
277031	3
329248	10
331311	1
267829	7
408114	2
67124	56
296498	9
178744	61
27194	73
79419	31
410173	3
410170	33
331320	19
256574	6
297529	156
460359	1
52801	346
263751	887
31300	1
439874	2
45638	373
80455	429
264770	17
242244	2
154186	337
262732	538
266831	10
36427	1608
152142	1483
252493	1
306763	14
208460	921
279124	5
437847	18
349782	7
449107	1
260694	165
418384	2421
243284	3767
262748	2
297566	1
237144	3
13916	10
433754	4
303705	433
262746	3
276068	458
133731	8
13921	8741
434791	6120
19043	111
274023	631
38499	110
440930	36
436832	29
344674	22
250472	2
422506	23
64108	3605
62062	116
439912	1
298603	3
47729	147
388724	8
47731	1235
398965	1
262768	21
28277	2099
465521	2324
211578	257
297593	58
194175	138
216707	68
424581	34
421506	354
280193	94
288385	233
432771	6
324237	8
37513	33
395919	25
492173	1545
247433	33
267918	23
287374	5
369295	1
432781	20
276111	447
125580	31
196242	915
334480	273
398995	6
416401	97
19097	23
217753	14
339614	17
234143	1008
304792	67
32412	2078
424614	17
369319	6
167590	27
450208	71
297645	1
330415	7
438956	1
252591	10
1708	58
424616	159
331447	768
303794	1
297663	9
278201	7
266938	1
286406	114
434884	3
19145	230
312014	1783
393932	158
338638	122
67274	2
244431	6629
30412	35
332489	1
249549	4
24271	4878
185043	34
295638	1
395989	76
108247	68
266962	1
41688	10
262877	13
308957	502
309977	33
395992	19
333541	246
94951	847
392931	7
297709	8
150249	206
125677	2014
326377	76
460521	2
120561	2
120560	80
58098	181
391927	1
338673	3
84724	1
308978	3
338675	2
392946	1
398076	1180
263935	42
316155	40
99072	15
436997	1
406274	117
30468	1
410371	167
35590	2
408334	57
185102	22
12044	38
395016	12
62226	9
251670	122
288529	1
381714	46
249620	38
185113	12
46875	21
304927	431
297752	2
61212	96
161566	1
306970	1
34591	95
329498	14
264999	7
271139	71
283427	1
318255	7
317224	12
339752	759
337707	1022
338731	19
309035	12
443191	1
181040	473
286524	2
395071	6
100155	19
333631	835
165689	-1
143171	30
244548	3
179018	105
374605	17
296781	5
296782	21
444236	1
406347	31
342858	111
248659	39
185172	155
285523	123
231263	2197
195423	210
296794	1
387940	14
300901	5
266085	3
490337	195
230244	4
246635	18
252779	2
275308	141
266092	28
419692	3
189294	42
367465	4
321385	4
294763	160
328554	7
29553	15
369527	158
294768	24
376688	1
271228	4
343935	54
144249	243
338809	9
349051	52
296836	5
285573	57
418692	1
217984	56
260992	1
285568	23
224132	145
342926	8
422792	22
411529	72
393098	1
306069	3
51093	12
330640	22
82839	260
325523	1797
299928	9
184222	187
362404	21
262050	27
231329	554
93093	8
17317	18
179109	93
63400	104
296878	49
443309	3
314283	20
318388	31
79793	1
186291	28
251824	9
224183	22
264112	7904
55221	5840
187316	7
274364	174
13243	4
393147	1
385989	3
81856	377
285637	2
336833	1
444354	7
177095	6
411585	24
329677	41
90057	7049
71627	3
443341	1
69581	5
426963	1
304083	1
395231	4
140248	85
395228	19
337887	7
139231	3
474073	31
190438	1
272354	1688
294893	92
434159	14
272366	8
337903	33
388078	25
68586	857
267241	5420
338923	5
333803	20
261100	3
388074	4
404471	1
127987	84
411636	394
381942	1
51187	24
201718	954
314354	33
276467	10
460799	3266
47097	1549
422908	41
432125	159
404477	2
434173	4
409594	14
329720	85
471034	1
364539	73
313339	652
411641	1037
