149506	2
267264	-1
229382	2779
182277	-1
232463	12
203795	137
119824	7
173072	440
394260	458
138260	142
177177	51
383001	264
175134	1
173085	14
175138	1677
119843	2255
147494	42
179238	29
206887	3835
153640	-1
153641	-1
230447	83
151599	4
226349	95
35888	8202
123953	-1
190515	26
172080	207
280630	83
56371	40
179259	69
151609	480
177212	11
251970	397
269381	770
229441	321
129093	17
198724	177
220235	182
166984	154
331855	73
292938	216
233562	1
114779	2
174168	26
321624	36
308313	56
140381	418
189533	-1
210018	15
240737	1
474220	205
218223	614
183405	547
277611	125
154739	754
322672	83
136314	3
183417	1
435321	7
304258	6
178309	19
263299	50
246926	1
214156	30
179345	1
195729	1
101524	29
209046	16
130199	37
155796	1294
312466	1
90264	259
224409	75
174232	1
201880	310
94366	330
297115	2
324773	26
147619	14
209056	539
134311	104
312495	81
116919	1098
165045	2
176315	49
197817	281
264383	19
224447	555
168126	8
484548	468
180417	4
436418	4
180420	122
237764	27
179401	5
148687	34
221390	16
407755	179
264394	37
113870	331
210131	49
186578	6
182483	10
284885	2
270549	107
274646	477
229584	238
139482	74
203993	26
199896	1
233699	166
177379	2313
158945	99
310496	123
201966	6
209138	218
227570	2
274678	8
217333	16
217332	6
323827	9
229626	1
50425	23
229624	3
274687	40
185597	1279
209155	121
232706	3
139526	2172
213255	181
272641	389
210181	85
481537	85
196874	1
272654	807
216329	1
231688	26
101644	58
201998	26
177420	21
404744	1
481559	219
181523	8
197906	32
490770	184
146711	1
181524	69
213268	1
461083	108
354586	111
134434	3
274724	149
183587	2
125221	35
208164	422
266548	-1
198961	8
198965	1
149816	4748
131391	13
190780	-1
307524	482
232771	-1
97605	726
184646	20
184647	2
184644	725
308547	32
151884	18
186701	1115
151885	4120
173393	15
226640	954
242000	1
256343	-1
263505	62
238934	1
178517	14
201044	34
159066	255
128345	58
163161	433
290138	95
261474	161
488805	192
157030	-1
321891	7
117094	747
221547	25
394606	11
367980	27
130411	3018
113004	678
130414	45
269685	2
372087	13
203126	109
156021	-1
130424	198
227706	27
219513	1
174457	11
280955	35
176509	865
81281	138
173447	35
150916	45
149900	51
202124	16
167313	555
204187	19
343455	292
108954	2627
121245	47
229791	664
157087	2
308633	33
228765	48
183708	18
183715	9
248231	7
241074	106
163258	37
216504	3
155070	17
145854	-1
227774	-1
197056	342
171462	431
61894	31
109003	22
175566	552
143823	13
202195	1
213457	5
266711	175
171473	4
221655	106
197077	33
319965	40
199129	17
149976	4
383448	153
199134	25
146912	104
168417	25
115173	22
226788	49
170474	6476
160233	29
228840	74
223727	5
199149	26
164337	-1
226800	234
152054	1088
342512	885
241145	105
206335	1
264696	151
335353	35
230911	10
199169	5
280070	16
258560	27
153093	45
169480	1365
296457	12
297483	3
405015	13
155158	709
66069	399
211477	5
215579	185
218648	22
441883	197
202272	468
309795	6
138795	1
231977	41
280119	4
163384	77
96828	3
329287	399
150081	4
227904	310
230987	1293
490062	124
151112	23
218697	1
220745	-1
222793	-1
151113	13
267848	107
230989	1
171601	249
164438	655
201306	8
231001	1174
201304	2
418392	2799
203356	132
227932	680
185955	2
210529	98
293474	2778
153195	-1
201325	-1
181878	142
158326	26
204404	172
158331	1041
181883	57
311933	1
216703	203
181884	45
172675	32
152199	15
151172	7
209547	19
152200	15
175756	6
166546	142
209554	358
173712	530
138903	-1
129689	63
238235	1
201369	1829
172703	1518
273049	78
295577	4
221852	234
268966	70
229024	61
489122	1004
198310	1124
102055	42
198309	6
255659	4
128683	473
172716	82
217772	36
172721	33
170678	122
65204	13
205493	12
215743	78
195267	60
264901	-1
96962	3
248519	361
475855	1142
148171	1976
465614	121
264904	41
229070	-1
228044	37
219852	8
158418	130
166610	1
125648	1
187094	767
160475	31
280286	11
172767	-1
173791	-1
180960	1
291559	73
156385	558
173793	1
217824	3437
461549	1
184041	7
443114	8
94956	14
181997	17
272107	104
298742	74
153329	67
226037	129
496382	17
156414	5
191231	28
218878	93
162557	1
247553	229
262918	11
191232	23
170756	2
184068	66
400129	112
212745	92
188168	-1
216840	12
212755	74
206610	841
225047	4219
299792	838
278289	5
121622	115
129817	377
166680	11
183070	25
139037	784
272164	1718
319268	30
227105	157
183072	15
150305	252
183073	21
135976	175
165672	709
469803	279
260913	60
159540	13
182075	20
171838	1060
257852	3
383802	361
181058	36
195394	1
230209	171
157504	120
417603	300
181063	37
167749	-1
429902	1
174923	1
98123	951
252751	571
326472	32
302928	155
205655	58
284496	5
97109	472
221019	3
256859	215
312156	35
241503	16
230239	-1
483163	201
187228	7
147298	580
181091	299
50018	2349
218983	162
201572	1
181093	1
230248	408
287599	170
247663	1064
370536	446
138093	38
216946	-1
82803	1
135025	42
153460	2490
163707	6
482171	204
264056	21
264057	-1
169852	-1
154493	267
225148	30
109440	1
212869	14
185225	48
311183	1
138127	3110
166801	1570
484244	1391
309137	16
258969	123
344996	92
166819	10
220069	506
118694	19
166826	2483
204719	-1
234414	23
264106	299
206765	5
176045	1297
108466	183
79794	6
381875	623
102326	4
171962	9
432063	8
225210	153
380857	-1
486328	624
170941	15
244673	241
182215	45
238539	13
307149	1117
238536	1
151502	324
443338	1074
151501	42
183250	25
296917	257
133072	2
201681	13
474069	2
208855	80
231382	43
125913	27
183260	63
207836	68
479192	1
154593	16
153575	17
215014	6
265198	1
136172	1
308214	8
231409	466
252913	511
465909	17
90102	2
68606	128
