312324	1
209410	12
267782	9
426497	41
279043	611
170510	12
485384	7
207372	2337
313365	63
228882	18
261649	19
266262	60
202772	-1
337938	-1
218142	22
255006	26
333850	23
236066	3
229921	1582
405027	-1
204329	169
218159	2
222253	6
282667	3
312363	227
303156	7
166450	4
200754	23
332852	1
244784	6
332851	10
406064	45
194101	120
303667	29
419902	5
192574	63
371768	2
327749	1
277573	3
328772	8
232006	3
315970	23
216644	11
198731	124
326221	11
472661	1
200791	1
320081	124
420433	3
199259	78
256603	2
265816	385
256605	27
320612	26
220258	48
252002	2
412261	1
265312	10
292972	10
389230	85
303215	-1
222824	1
485482	607
490090	27
206444	21
295030	84
193136	257
197745	6
237169	1
331383	1
314999	30
324215	37
334448	38
267390	2076
424060	8
318074	137
318075	106
211587	16
171138	4
314500	1
211585	3
267910	4
318086	7
125572	2
428161	25
292995	14
224907	1
280205	25
213642	1
323208	26
199309	9
222866	1
319126	46
411797	169
338578	47
222868	61
342686	163
234142	109
234141	1
321690	11
259233	17
316071	1977
342694	1
463008	150
321708	1766
261803	23
207530	60
320175	36
261805	2
244908	159
296107	82
325813	59
264887	13
316595	422
320188	6
314558	37
277176	1107
326841	11
198334	3
252093	82
338107	134
218306	70
265408	2
199366	26
218310	1
472769	8
183492	-1
265410	12
218308	96
421569	5
259273	84
316106	11
461000	2147
258252	12
197329	1
259286	83
326866	-1
327379	21
197332	1
165082	2311
254687	14
314584	4
267481	14
337624	32
205532	12
254684	1
343780	3
219878	89
249061	514
324333	21
327919	257
273135	63
337643	5
192756	97
414448	5
192762	559
342782	17
247039	9
223484	3
181506	508
211713	9
327936	8
242950	5
264962	756
267523	24
192778	72
331532	-1
267528	28
337673	1
275722	8
259856	7
236823	33
486675	28
19733	242
208667	6
288029	-1
411935	4
236831	7
264984	14
240926	-1
404763	51
264986	19
319259	1015
319269	1
328999	1
328998	10
230183	3
235302	6
206118	1
230182	2
269091	28
266539	2
234803	284
270644	17
226608	7
265010	1285
164154	74
325950	6
464701	7
90428	2276
259389	38
302394	226
327994	106
341818	697
424262	3
348487	229
302407	31
207686	2
257861	11
255307	7
257864	64
264527	30
265551	27
297807	7
184655	20
321354	819
328011	1
134483	10
342356	1
398676	168
233809	1
233808	140
333137	227
342352	53
216405	3
207706	26
329054	24
258904	35
328542	202
339291	7
250717	109
263514	1
251740	614
473446	46
317797	18
255329	1
473443	1839
310114	74
258916	21
258927	1
209774	49
232813	5
255347	120
217971	17
327029	101
294774	1
254833	98
237936	1
315248	1
263537	270
310643	1
238970	10
369023	3
255352	12
221053	177
198012	5
414086	13
426374	1
266118	162
319878	1
238976	225
408450	103
257926	61
193415	5
246155	1
351118	87
266120	34
197007	1
259471	71
197005	1
266122	22
216467	1
327060	28
321428	25
174480	-1
266640	716
321427	156
198043	39
266140	1
235930	-1
172952	12
327582	25
249240	31
273823	366
254872	296
275359	436
172958	3
194975	573
273819	58
483749	142
295335	4
196007	26
194981	18
119206	3
218027	6
384431	24
225199	1079
321450	3
418740	1
165815	1
200630	6
287666	200
263613	26
321469	130
264126	63
197049	1
258488	1
196541	134
167363	67
420290	3
337345	17
329155	9
410048	-1
224196	1
260555	1
223178	4537
273357	1
328142	8
256975	6
221139	122
112597	141
256980	1
408030	1
331740	13
218584	6
271323	151
317925	10
230369	3
223207	2
317920	1
317921	7
266723	5
329197	1
327147	106
471541	208
198132	155
342002	12
270332	12
419327	87
221177	1
255481	-1
257017	1
420858	6
315897	23
264698	1
