34816	470
346116	4
78853	747
335363	188
229380	209
13834	646
413705	27
28177	26
301584	63
353821	1
455199	290
102427	161
184862	322
37918	25
495641	1109
112670	878
27679	1
1569	55
245793	107
43554	41
28195	4
472612	5
376354	1
10282	165
177193	2
449066	1
26159	70
13364	49
255031	-1
37942	232
432190	1
10811	40
171075	3479
10817	64
388172	682
329294	42
472657	128
161364	59
189012	479
99416	85
130145	37
9825	170
371300	14
105573	38
33893	121
345196	741
268393	336
29297	475
30837	27
214650	1
187000	37
150652	3
173187	24
148615	77
13957	3
9861	1540
22662	29
422016	48
54407	72
30344	26
77449	54
68233	8
138377	1
383625	540
142476	40
237709	3
28304	26
324246	27
325777	1
64663	63
352413	1
506014	58
275614	8
1695	1
85665	337
31907	512
204455	30
19623	58
92838	37
53929	144
211625	24
385192	46
16046	13
72371	143
90805	11
145592	308
53952	247
53959	6
13015	1322
349400	82
414939	538
312038	71
7404	-1
330987	32
32494	36
241394	3
248054	90
94452	149
341232	5
232699	13
400636	-1
11514	38
24826	8
52474	331
249593	8
404731	212
18174	3
33534	502
337658	13
419577	2444
40707	18
34052	48
40708	8
24839	16
21769	225
8458	452
94474	105
21776	19
16152	58
22815	244
23328	1340
29474	434
297248	153
124203	1149
15662	74
412982	12
246577	1
15667	329
10035	82
165174	361
428862	20
372030	1
167740	153
21823	159
12609	2029
9026	252
319298	188
120651	31
125771	797
414029	122
369480	346
271700	5
297808	-1
311120	362
27989	390
88923	34
79706	267
94047	945
12640	10
81249	1
206693	18
86887	237
18792	30
208744	697
29036	1902
407402	3
34670	98
53102	66
10096	856
401270	1
13684	145
12665	13
414076	290
53115	158
144253	1185
53634	81
18306	1
76675	28
31110	10
217994	8
197011	98
401815	50
140179	17
426903	1
139152	29
463252	1704
66453	31
12695	151
43927	75
73624	337
43418	103
392607	5
49052	1
307109	6
9122	285
19363	666
183206	27
384930	1
421806	1251
57257	2420
49068	12
6063	131
399798	4
9649	524
188339	7
49077	15
108473	235
16313	6
8634	466
12740	249
300992	11
323020	1119
60364	17
384458	32
109009	58
3536	100
171984	10
339414	1
465363	903
27093	15
64984	20
212442	115
181220	1445
72169	171
42984	199
290285	2
18926	11
407542	-1
419316	1
29683	65
380918	1
290288	9
22005	1035
394225	93
343039	259
16378	49
110074	1348
396795	34
394233	389
