34816	25
346116	1
78853	619
335363	45
229380	361
13834	321
413705	34
28177	23
301584	28
353821	1
455199	140
102427	191
184862	42
37918	15
495641	916
112670	1068
27679	1
1569	87
245793	107
43554	28
28195	4
472612	7
376354	27
10282	21
177193	1
449066	1
26159	67
13364	49
255031	974
37942	241
432190	1
10811	15
171075	18
10817	139
388172	534
329294	55
472657	204
161364	51
189012	474
99416	96
130145	9
9825	211
371300	14
105573	26
33893	103
345196	112
268393	487
29297	119
30837	10
214650	17
187000	25
150652	7
173187	2
148615	72
13957	23
9861	60
22662	27
422016	62
54407	73
30344	3
77449	67
68233	35
138377	2
383625	549
142476	20
237709	15
28304	26
324246	52
325777	1
64663	290
352413	1
506014	25
275614	13
1695	1
85665	585
31907	677
204455	57
19623	56
92838	90
53929	102
211625	46
385192	27
16046	56
72371	143
90805	17
145592	86
53952	164
53959	7
13015	1006
349400	82
414939	64
312038	3
7404	-1
330987	32
32494	352
241394	5
248054	118
94452	177
341232	2
232699	37
400636	151
11514	22
24826	16
52474	50
249593	3
404731	16
18174	3
33534	502
337658	3
419577	61
40707	1
34052	2
40708	13
24839	8
21769	703
8458	271
94474	108
21776	1
16152	58
22815	244
23328	700
29474	607
297248	1
124203	2815
15662	74
412982	5
246577	2
15667	442
10035	9
165174	408
428862	14
372030	1
167740	128
21823	177
12609	159
9026	391
319298	1091
120651	19
125771	246
414029	318
369480	743
271700	3
297808	6089
311120	113
27989	143
88923	66
79706	158
94047	1043
12640	8
81249	7
206693	26
86887	92
18792	17
208744	992
29036	1326
407402	20
34670	12
53102	110
10096	931
401270	11
13684	132
12665	14
414076	9
53115	166
144253	1155
53634	94
18306	22
76675	44
31110	10
217994	23
197011	12
401815	53
140179	29
426903	3
139152	18
463252	1867
66453	22
12695	92
43927	33
73624	373
43418	105
392607	12
49052	1
307109	6
9122	2338
19363	119
183206	22
384930	1
421806	1400
57257	1737
49068	7
6063	210
399798	3
9649	258
188339	8
49077	15
108473	253
16313	8
8634	391
12740	391
300992	10
323020	1119
60364	22
384458	76
109009	58
3536	8
171984	11
339414	1
465363	490
27093	15
64984	20
212442	1
181220	1620
72169	221
42984	79
290285	1
18926	36
407542	-1
419316	1
29683	44
380918	5
290288	28
22005	582
394225	103
343039	176
16378	36
110074	1240
396795	50
394233	229
