56321	46
48131	1
48132	9
48133	65
49159	58
47111	2
48135	1
48137	2
53257	16
48139	454
54284	90
50189	1
48143	73
50192	1
48146	75
48147	8
56339	33
51220	3
48148	36
48149	22
52245	2
55317	1
48150	13
48151	92
46105	4
51226	1
51229	130
49181	6
50207	19
49184	11
52259	2
55331	1
55333	64
48172	3
43053	1700
56365	10
55342	14
50222	8
48175	42
48176	-1
51251	51
53301	6
50230	3
42039	8
49207	3
50232	13
55357	54
51264	18
49217	7
54338	379
48196	69
49221	1
53322	90
49226	1
49227	217
51276	5
49228	9
50252	16
58444	3
51278	4
52303	17
49234	583
53333	7
42072	10
49240	5
48217	-1
53337	12
56409	29
53339	2
52316	3
51294	1
53342	64
56416	9
52321	8
54370	279
56418	21
41059	65
54371	590
48230	39
52326	3
55399	69
52328	113
48233	1
53353	97
56425	612
48234	1
53354	20
51310	610
54382	8
48239	7
54387	7
53366	18
56441	637
41089	15
58497	1
56449	106
56451	1
49284	3
50308	1
52356	1
50310	288
48266	73
49290	3
48267	-1
12428	51
58508	134
51340	403
43150	19
56463	20
51344	1
49297	4
49299	7
50325	15
53398	130
56472	147
53406	15
55454	553
48288	369
52387	1
54438	2
58535	2
48296	-1
48297	1
58541	2
50351	118
50353	25
54450	1
28852	38
52405	67
56501	413
53430	13
43191	1163
50360	4
54456	1
51386	1
49340	1142
48318	1
57534	1
49345	1
51395	51
51396	5
56518	5
58568	5
56521	13
53450	2
57546	124
55500	7
49360	4
56529	17
56536	16
51418	3
53467	13
49372	5
52445	1
49376	120
54496	6
55521	17
56545	33
47331	23
55524	3
50408	128
58603	63
54507	64
51436	299
44268	30
52461	3
51445	1
51447	9
53498	84
52474	207
51453	129
56573	12
52480	107
56578	18
48387	16
52488	9
51467	221
48399	23
50448	1
47378	20
49426	1
52500	9
57621	1
55576	492
56606	34
55582	4
52511	9
56611	2
58660	2
48421	11
48424	6
53545	12
57643	919
51503	2
47413	843
54585	1
48443	126
51518	12
52543	180
50496	5
52547	2
49476	6
49478	1
53574	37
54599	30
50503	1
38216	18
54602	1
57674	1
51532	101
58701	1
55629	1
53584	46
56657	14
57683	24
51544	21
51545	13
56665	19
54618	1
49503	155
52577	1
51555	8
57700	138
51557	74
51558	3
50535	1
57704	3
52586	216
52587	96
57708	1
54638	8
52591	197
49522	71
49525	112
50550	19
53623	4
53624	382
42361	49
49530	663
50554	8
57723	16
52607	2
49536	61
51584	299
55681	7
51586	2
55684	37
48517	17
56710	465
49543	127
56712	2
48523	59
56717	1
49550	121
49555	88
53654	84
50582	3
51610	202
49567	2
49570	2
13731	15
56739	1
50597	7
57765	14
50598	9
48551	9
50601	6
51630	36
54703	2
54707	2
57779	449
51640	111
54712	3
51641	2
51644	1184
52671	359
53697	44
51653	6
51654	1
56777	66
42444	8
56780	14
49613	68
37326	64
44494	387
47568	4
49617	1
49625	3
55772	13
53725	1
56797	1
56801	1
39396	6
57833	1
57837	4
52719	1
57841	78
52724	1
52725	1
55798	42
52726	1
50679	1
52727	1
50680	11
52729	1
50683	952
52731	285
52732	2
53758	1
55807	3
51712	17
48643	1
59908	11
48644	6
49669	74
42503	336
54801	59
43538	84
49683	3
48660	663
50709	1
48662	29
53783	5
50713	24
51741	26
50720	89
51744	13
53793	140
50721	1
55842	13
49698	2
50726	5
52776	2
52777	1
51758	6
48689	1
52792	7
49721	12
50747	103
49726	29
51774	20
56900	73
57931	178
56907	850
33356	1455
50771	404
49750	1
50780	2
49757	103
52830	349
53854	435
52833	75
50790	224
53863	20
52839	3
54888	37
53867	3
53869	1
52846	49
53871	9
57969	2
50802	7
52850	1
49779	9
57977	1
52858	1
47744	22
55943	19
49802	2
50826	1
37515	1073
51860	2
55956	1
38553	2
54939	245
51872	65
55973	18
58023	2
51881	11
54955	151
51887	22
57011	82
43706	2
54971	2
42693	163
48837	229
54981	1
51910	336
53960	4873
51912	2
54984	3
49865	5
47820	68
47827	78
42707	1
49876	-1
56021	39
50903	3
54999	4
52953	5
49883	3
49884	1
48861	-1
52957	3
57054	11
53986	57
46819	555
48870	179
58086	1
52970	1
56042	65
56045	218
52974	15
50928	1
51952	24
58096	8
50929	253
49909	-1
41722	72
55035	526
54011	3
54012	6
48895	32
54017	27
51972	3
54022	85
57099	1
55052	6
50957	15
49937	1
48914	1
54044	5
55073	1
49957	51
50984	2
52009	1
43819	43
54060	1
58157	63
50991	4
54067	2
49978	6
57148	1
53057	15
57154	1
46915	12
58179	1
49991	4
53063	2
49994	1
58187	65
53067	23
48973	27
54096	3
58192	75
53074	4
55125	143
52055	1
43868	28
57180	42
51038	1
50016	7
50017	416
50018	-1
53090	2
54115	506
46947	80
46950	4
57190	40
49000	2
50027	207
54123	1
55160	11
57208	32
54141	6
56190	8
54144	17
48004	107
50054	48
55177	37
55179	13
46988	93
55180	4
50063	15
52113	32
53138	452
56213	1
49045	5
56217	319
54170	2
50087	1
52135	20
53161	14
55210	8
54190	1
40881	12
53169	1
58296	1689
56248	28
50105	12
50107	8
50108	488
52156	21
49086	-1
51136	3
57281	16
49091	1
49092	30
49099	18
52173	2
49102	17
50127	1
49103	16
49104	245
49105	-1
49106	-1
51154	4
51155	-1
52184	34
49118	309
54239	1
48097	21
46051	7
55267	18
56293	2
58342	22
49127	-1
54249	730
49132	10
57324	1
49134	3
57326	1
50159	186
54256	1
48113	25
55282	1
57331	2
52213	1
49141	1689
48117	5
49142	9
54262	3
49143	5
49144	51
48120	1
50168	3
48121	14
50169	15
57338	1
48123	2
51197	1
