1281	72
1794	7
4611	1
1284	208
1796	2
1797	380
1816	4
1304	2367
1562	2709
1435	125
1691	2301
4895	31
4897	254
5025	1
4900	19
1573	4
4645	241
4902	8
1703	12
4903	2
1704	10
5032	52
5170	2
5043	7
3892	30
5044	3
1333	17
4917	72
5046	201
4919	62
1847	5
5047	7
1336	3
5048	6
3897	1
5049	1
4922	1
1339	-1
5180	1
1469	1
1597	275
1725	1
1727	97
5055	2
5056	1
1604	11
5189	55
1863	9
1608	20
1609	156
1611	102
1741	1
1615	119
4943	40
3536	1
4944	2
1619	6
5204	5
1367	34
5207	2
1626	1
4955	1
5211	1
1631	3
5088	7
1504	141
5219	1420
1636	121
2405	1
1638	112
1004	187
1519	6044
2415	1
1395	11
1277	1359
1662	434
