1281	20
1794	1
4611	1
1284	299
1796	2
1797	195
1816	15
1304	2455
1562	3078
1435	133
1691	70
4895	47
4897	253
5025	1
4900	10
1573	6
4645	241
4902	18
1703	21
4903	2
1704	10
5032	43
5170	2
5043	7
3892	92
5044	3
1333	17
4917	24
5046	266
4919	90
1847	4
5047	6
1336	5
5048	6
3897	1
5049	2
4922	1
1339	-1
5180	1
1469	1
1597	60
1725	1
1727	11
5055	1
5056	1
1604	11
5189	29
1863	10
1608	19
1609	153
1611	195
1741	24
1615	65
4943	3
3536	1
4944	1
1619	8
5204	142
1367	100
5207	1
1626	1
4955	1
5211	1
1631	1
5088	27
1504	48
5219	1552
1636	643
2405	1
1638	134
1004	130
1519	9009
2415	2
1395	41
1277	1263
1662	410
