apache-nutch-1.8-1396-bestq	0.3964500012769683	1.0	0.31042463197901327	0.04806891205151228	0.5	0.13729334123459425	0.31305210970534825	0.7246861693661886	0.3402031880345958	0.3019726581206555	0.2830188679245283	861.4018974485028	26.447961251486017	2.0344585578066168	3.5791732674892915	0.061156733502744455	0.7950375355356781	0.31004356864887606	0.5814182881661843	4.375757021660286	bestq
apache-nutch-1.8-1381-bestq	0.2418515223672909	0.5553007479376628	0.23898396116436135	0.003298744635737523	0.010309278350515464	0.0042695823973156535	0.23244428022424957	0.9634607861595732	0.2487414743854754	0.2800084888432917	1.0	562.5481557876491	25.71143652578777	1.5124374426933984	3.0956411758992286	0.03045331169467494	0.5177062988094739	0.08495811381540401	0.35730780351815017	4.375757021660286	bestq
apache-nutch-1.8-1351-bestq	0.47519082537221546	0.9123342577952975	0.26875304194336713	0.02511446336418799	0.16666666666666666	0.041729596397117805	0.2312736316968684	0.488624639189286	0.37553186536572963	0.22616687453576428	0.10580836108028117	978.4272292208643	41.40336668991003	2.435492158230002	3.192864760821785	0.053821524756255054	0.9149659208563358	0.12164153630299898	0.5654090112531479	4.468130341791301	bestq
apache-nutch-1.8-1399-bestq	0.29856287554290056	1.0	0.3048349333222637	0.031901452854937506	0.3333333333333333	0.0956589761079927	0.24836295956587434	0.6171013002022072	0.17010918520120838	0.2665408712798194	0.27561968183499813	588.2413016043423	19.886283144707935	1.6571902620589944	2.866427360111167	0.032379020583734756	0.38854824700481705	0.11623565646215651	0.17124234954087425	2.455380174610138	bestq
apache-nutch-1.8-1352-bestq	0.2559201902948451	0.8610724881462908	0.3527750188426024	0.044297844947155995	0.3333333333333333	0.09903682283586925	0.10217528380487288	0.5207067877476279	0.0	0.17424178538913054	0.08028116907140215	655.3645209621965	15.96031173888614	1.0640207825924093	3.198876772402136	0.02857346020703804	0.42860190310557067	0.1714667690558328	0.058730172577971765	3.6116581051280563	bestq
apache-nutch-1.8-1356-bestq	0.3335173106345688	1.0	0.33134866762819276	0.081770666558772	1.0	0.2366183601918514	0.2668172405130765	0.7246861693661886	0.23171263530195274	0.2949032837750911	0.37180910099889014	1088.4622116153298	30.574438860176414	1.4559256600084007	3.0438566798790565	0.032203191884720386	0.6762670295791282	0.18122443737946567	0.2823906722463918	5.956207397221134	bestq
apache-nutch-1.8-1405-bestq	0.41595912223597886	1.0	0.3395194753660425	0.15520915658908083	1.0	0.3297574543856938	0.3000733536152705	0.6289659233736359	0.2631499126028172	0.27700598869399007	0.2486126526082131	6401.605695651957	30.71878283220355	1.7065990462335308	3.309693497428194	0.030526420732142224	0.5494755731785601	0.22797489869667917	0.5857103493493855	5.8226760045966115	bestq
apache-nutch-1.8-1262-bestq	0.435725105593758	1.0	0.27780154139562213	0.12650017008195777	1.0	0.2879875677498594	0.39580542530766843	0.6603974661832642	0.5677372228149348	0.2722886420304377	0.4787273399926008	1725.8970553209952	34.685608208011246	2.167850513000703	3.5791732674892915	0.05531972852785876	0.8851156564457401	0.31004356864887606	0.4193677653908781	3.148527355170083	bestq
apache-nutch-1.8-1407-bestq	0.347187029840796	0.8610724881462908	0.20554229708268734	0.01124609321101534	0.16666666666666666	0.036768206600282634	0.379905669534267	0.9634607861595732	0.4694806236408015	0.32620580002008226	1.0	230.754758861165	44.29972811861061	2.214986405930531	3.4456836467224745	0.04246627146121972	0.8493254292243942	0.12164153630299898	0.2553400169898492	3.2292887118145415	bestq
apache-nutch-1.8-1396-worstq	0.3975823868817488	1.0	0.3326230155789162	0.056367442100804174	0.5	0.14874975534462842	0.27316255170624937	0.7246861693661886	0.16240219193409347	0.30109252891613697	0.2830188679245283	1142.2338526708797	21.003763072752424	1.9094330066138565	3.5791732674892915	0.04295574199594869	0.47251316195543547	0.31004356864887606	0.43221941239451694	4.375757021660286	worstq
apache-nutch-1.8-1381-worstq	0.1997795970150647	0.5553007479376628	0.2253889192944913	0.002486561989866342	0.010309278350515464	0.0038066854778277134	0.22879158670696803	0.9634607861595732	0.0	0.30802685434405713	1.0	144.95181346638276	16.788778467459128	1.291444497496856	3.0956411758992286	0.024967168815558067	0.32457319460225487	0.08495811381540401	0.16086261049411257	4.375757021660286	worstq
apache-nutch-1.8-1351-worstq	0.4541486476993803	0.722331685701917	0.2509053617446389	0.017349063361448175	0.05555555555555555	0.021615882570398624	0.234068874587089	0.488624639189286	0.37553186536572963	0.22881384451547807	0.10580836108028117	1367.4189887167727	41.72658586958353	2.4545050511519726	3.192864760821785	0.054639673835020275	0.9288744551953446	0.12164153630299898	0.5533296267374769	4.468130341791301	worstq
apache-nutch-1.8-1399-worstq	0.30593820799563537	1.0	0.2638231314717759	0.024332538317912357	0.3333333333333333	0.08303319068840341	0.30932456921800316	0.6171013002022072	0.4119115160607155	0.2581880090858292	0.27561968183499813	382.7949465271383	29.93630716112858	1.8710191975705361	2.866427360111167	0.040916056612713685	0.6546569058034188	0.11623565646215651	0.32083825784177433	3.758982819884915	worstq
apache-nutch-1.8-1352-worstq	0.19335097062618242	0.9123342577952975	0.3175195949830118	0.04197263152650591	0.5	0.13071459073649125	0.10638148577134558	0.6176006247423668	0.0	0.21165703008308873	0.14983351831298558	606.6612233823762	12.853735848513734	0.8569157232342489	3.198876772402136	0.02292097782373237	0.34381466735598554	0.1714667690558328	-0.004306284442237043	0.5996211225491219	worstq
apache-nutch-1.8-1356-worstq	0.3346864497831513	1.0	0.35328200345743077	0.11164479867563024	1.0	0.2752033565905285	0.18893425769457467	0.7246861693661886	0.0	0.25943568043143234	0.3995560488346282	1058.4248739014909	54.01729204156094	1.2861260009895463	3.0438566798790565	0.025633650897552224	1.0766133376971936	0.18122443737946567	0.15568311063598955	5.956207397221134	worstq
apache-nutch-1.8-1405-worstq	0.3692155602940101	1.0	0.3467869133329116	0.15305417939114832	1.0	0.33073829176925834	0.3203341432159082	0.6289659233736359	0.39659611391136074	0.282267845640063	0.30484646688864225	6375.649474186681	27.376668567247062	1.5209260315137256	2.531692790390654	0.020862347657967968	0.37552225784342336	0.0540215833615425	0.551836058889029	5.8226760045966115	worstq
apache-nutch-1.8-1262-worstq	0.48429346227711906	1.0	0.31126409024203544	0.19100554372668746	1.0	0.35758796603946424	0.37554074275895055	0.6603974661832642	0.5697567838137546	0.290335070204411	0.4243433222345542	7690.135832333598	32.72953410020176	2.04559588126261	2.82430338973539	0.0366037754168542	0.5856604066696672	0.10281275364782032	0.390901389277302	3.148527355170083	worstq
apache-nutch-1.8-1407-worstq	0.4216299565630892	1.0	0.258962547429143	0.06813285286594026	1.0	0.20385336890873784	0.3164709430983337	0.9634607861595732	0.45918205943089535	0.2611513128107952	1.0	653.4604539243309	69.54294146511175	2.2433206924229605	3.545971331481897	0.059348256918996097	1.8397959644888795	0.1927171176086582	0.4366463401188138	4.606280680272119	worstq
