ecf-125572-bestq	0.3666114632549416	0.6026614212883568	0.16734905217667942	0.0024218541052606402	0.01282051282051282	0.003594225991683069	0.23792197602393889	0.5743363248310841	0.21605456033466014	0.16597589876686325	0.18509394773704294	189.27950110341897	40.736080761114295	2.71573871740762	3.765342680314453	0.04343274005656425	0.6514911008484636	0.17330560737340914	0.40365647058797033	4.138941241828186	bestq
ecf-242950-bestq	0.5090747819484077	0.9302582864459338	0.22468192897807104	0.03699139844653164	0.3333333333333333	0.0814385199723885	0.16246507952202194	0.4679082556301045	0.10236833673062785	0.1643859277607927	0.15905907356421775	5226.156569552751	62.35971555163934	2.8345325250745153	3.4254475937403823	0.032017811168268066	0.7043918457018975	0.15019807568874421	0.40247568257825755	9.244886715728766	bestq
ecf-257926-bestq	0.463968279018024	0.7789474659605677	0.17711030491698382	0.010497497017767813	0.06666666666666667	0.017419415206973127	0.1478283658120846	0.6852128276574132	0.10218360678791305	0.18596836032230715	0.13968990001449066	1888.1894993448957	85.48649761654997	2.9478102626396545	3.416834391919063	0.021118879886876402	0.6124475167194157	0.05834679660409486	0.33376957361873405	6.15384426237045	bestq
ecf-426497-bestq	0.3666912358469848	0.7789474659605677	0.204845663426666	0.009617550729703488	0.058823529411764705	0.020449916481225246	0.26978246794720434	0.7647916880602645	0.1939336806501789	0.21596151572388683	0.2251364536540598	1230.5850147933807	77.15989720651433	2.5719965735504777	3.416834391919063	0.0387753752603731	1.1632612578111932	0.21218441184293102	0.7608509537865531	8.839421607620602	bestq
ecf-266120-bestq	0.36900278122657854	0.6890719346742012	0.16897679361498102	0.0029040618765129953	0.030303030303030304	0.006154452918014894	0.17930984476084721	0.686762874587689	0.1484405124068836	0.17058379190747106	0.27624015843114524	296.97286665867955	66.12414388883386	2.755172662034744	3.5210395018327576	0.04750245039565498	1.1400588094957194	0.13273599022799903	0.8971953225593603	6.8469914429303955	bestq
ecf-199309-bestq	0.5636547647437598	0.9302582864459338	0.23708776088950134	0.06957818225538283	0.5	0.15338711608210848	0.24968980063950452	0.6852128276574132	0.23616108230740807	0.18142836415402672	0.1751920011592523	12923.44925962064	101.37069904177659	2.739748622750719	3.62582418189783	0.04079396318299446	1.5093766377707956	0.11257417434449668	0.8569897956899738	9.244886715728766	bestq
ecf-327060-bestq	0.5024716162527468	1.0	0.2812854600048222	0.09439443910683162	1.0	0.25006913584477225	0.2021373673881665	0.5743363248310841	0.12955785252736027	0.1763712109346631	0.11978940250205285	6466.90400269563	43.0777748639634	2.533986756703729	3.416834391919063	0.05050001245794341	0.858500211785038	0.14151802396940552	0.48231118876907575	7.992123747233398	bestq
ecf-222868-bestq	0.5768377465844796	0.9302582864459338	0.23585361793706427	0.06549542689594332	0.5	0.13547546660147217	0.18348115878543275	0.46312182074590924	0.173860356869941	0.14151882707533872	0.06979664782881707	5130.4642339557795	51.18629099781158	2.843682833211754	4.015972752078255	0.0749495203692276	1.3490913666460966	0.2877336925779854	0.7796635159377401	9.244886715728766	bestq
ecf-198043-bestq	0.5220249813741251	1.0	0.2036393699623382	0.03607044361192899	0.5	0.11977881063716293	0.23928104329830086	0.46312182074590924	0.25521338289920825	0.1403410260078281	0.058445635898179006	3351.5887610385566	50.92486216815195	2.99558012753835	3.6583611290715217	0.06510212180528956	1.1067360706899225	0.11105198532415493	0.7878888931490781	6.759980065940766	bestq
ecf-208667-bestq	0.4887990946569454	0.8197320203646828	0.16965877106401586	0.011555364553203948	0.07692307692307693	0.02093715933144218	0.194438244616799	0.5167260344512641	0.22745167424660268	0.16473849643440025	0.1146210694102304	1875.4575534539952	73.43691569770745	3.059871487404478	3.7422234384401145	0.05435923997195045	1.3046217593268106	0.267760221936612	0.7300898091860164	9.244886715728766	bestq
ecf-327582-bestq	0.3624106223137307	0.860521432147442	0.1893068111480899	0.012925093163881497	0.25	0.05299085374583709	0.19939117236777476	0.4837060123910824	0.19099760908471947	0.1441126346730371	0.14563106796116504	764.061480534508	57.764004259538964	2.6256365572517715	3.489087098134371	0.03082645572664562	0.6781820259862038	0.09709657623816846	0.7638832287196619	5.405434403135455	bestq
ecf-172958-bestq	0.5214904044106506	0.7345132012103256	0.1359984052031853	0.007900749994616289	0.03225806451612903	0.010714458511383123	0.2318490859130494	0.37122322472805397	0.22788468492955602	0.08565800581922757	0.10172438776988842	1501.6964426755362	56.62995298662194	3.3311737050954084	3.6628193647602942	0.07543964976062308	1.282474045930592	0.18504352249442632	1.1593892270151096	7.540138623490341	bestq
ecf-259233-bestq	0.47769648130229037	0.7789474659605677	0.1786615431103665	0.01629848844625518	0.08333333333333333	0.03156651557693574	0.24723088906129614	0.37122322472805397	0.26253222650136127	0.07026960980793487	0.05574071390619717	5101.55453266603	36.386808849006414	3.0322340707505346	3.5081102250017864	0.05321208695514412	0.6385450434617296	0.23342216970015633	0.7690837983654047	8.146274427060657	bestq
ecf-328999-bestq	0.3805531185625473	0.8380729098668516	0.24550701768620542	0.02013822394043684	0.16666666666666666	0.04916074056622781	0.21906700719069383	0.7647916880602645	0.1924656448674492	0.20230654923405433	0.24580978602134956	1687.847709534326	77.07449236276024	2.4085778863362575	3.4580077365902078	0.03150676307405326	1.0082164183697042	0.13699708236331645	0.5738584720747294	8.55173953516882	bestq
ecf-328998-bestq	0.3777078723910454	1.0	0.232557695089533	0.03195522341674174	0.5	0.11276694939997149	0.22951536374480536	0.7647916880602645	0.1484405124068836	0.2344647765871425	0.4506593247355456	3039.6964382715337	98.25389579956969	2.5193306615274285	3.4995261913208564	0.03900592765884158	1.5212311786948218	0.17168947938273546	0.6471145433078166	6.67993735826723	bestq
ecf-196007-bestq	0.4712623802978489	1.0	0.35140364313214817	0.19284810689923074	1.0	0.4006287512080421	0.19177690946769624	0.48557748919484545	0.2162784129000366	0.18961966317442042	0.04984784813795102	109207.91608953485	31.494980081189652	1.9684362550743533	3.416834391919063	0.03173330822894613	0.507732931663138	0.0865185868586769	0.28509523005529913	5.210646077576371	bestq
ecf-204329-bestq	0.3256079633683623	0.7092446067487179	0.15897164520208215	0.0028270245766508465	0.041666666666666664	0.008478680602387675	0.17074178136739063	0.37122322472805397	0.19150579275726817	0.10314169562725047	0.18828189151330724	170.25036179452127	62.00983229402774	2.583743012251156	3.582007576839878	0.030884332050381255	0.7412239692091501	0.15157228550225	0.691619702262079	5.07822149192704	bestq
ecf-282667-bestq	0.45093183547612603	0.8894640161115737	0.2177507160193259	0.01944167020352675	0.3333333333333333	0.06461709596656685	0.21725149538910124	0.5736570889567842	0.1564576300107729	0.20209481654192185	0.1147176737670869	1531.1532351457686	71.37179774448306	2.7450691440185797	3.4772382067581886	0.032384329941309555	0.8419925784740485	0.08193834596968619	0.5882964156070243	8.55173953516882	bestq
ecf-296107-bestq	0.5676549445346142	1.0	0.2564612006453384	0.16305232066598913	1.0	0.3508694951053601	0.16974948558598163	0.4402653924029392	0.13571253090388324	0.12975449309305104	0.0996473940974738	39286.39368411424	74.54722643154689	2.6624009439838168	3.416834391919063	0.049560751727207863	1.38770104836182	0.18736437230203995	0.6307263169023521	9.244886715728766	bestq
ecf-332852-bestq	0.4861714555500266	0.8380729098668516	0.19988267637385138	0.022395780164312193	0.2	0.05198293187693098	0.14333826799426524	0.41509177949893894	0.1385249244230162	0.12034550960562918	0.12679321837414867	3049.179601833174	81.8344622117337	2.9226593647047747	3.55009466756536	0.05251202110458006	1.4703365909282413	0.14963382449041696	0.565939858602535	8.328595983854612	bestq
ecf-165815-bestq	0.4360301226199183	1.0	0.26986944113084255	0.06804587994577446	1.0	0.23104063267568511	0.22107873718339083	0.7647916880602645	0.1843117006172246	0.20238116475009615	0.39433898468820944	8711.43002315747	215.50822025542567	2.421440677027256	3.8264912356597827	0.034618226214099525	3.0810221330548573	0.6565489173703035	0.43885538163927124	9.938033896288712	bestq
ecf-406064-bestq	0.6412288816313243	1.0	0.27737837797208614	0.19101660892454647	1.0	0.3280261464765576	0.13757018920311223	0.37122322472805397	0.07757232237163877	0.1377501088201263	0.08225860986330484	37472.330240049196	48.89015854841123	2.5731662393900643	3.713505057538631	0.1162316542614522	2.208401430967592	0.7899164124218139	0.43171209697451224	9.938033896288712	bestq
ecf-316595-bestq	0.4648954763733999	0.8894640161115737	0.27108820913412895	0.03552290971775194	0.3333333333333333	0.08765992896701658	0.2232516295528822	0.43424276224168146	0.21853188121909417	0.12112533413561254	0.1730667053084094	2616.656154802208	35.73546623418618	2.5525333024418697	3.4978707314348116	0.06253156355046632	0.8754418897065284	0.35887151403563733	0.4009495481999418	3.481264240716548	bestq
ecf-419902-bestq	0.4697999674212699	0.9302582864459338	0.2300822662991364	0.029555618794869672	0.25	0.06893637009153657	0.18391577105045032	0.46445269569493136	0.1709836563757713	0.1650625497102896	0.07810462251847558	3471.759626930768	95.20787240187252	2.8002315412315455	3.865821254239278	0.04988727114885955	1.6961672190612247	0.26653968295699615	1.0517908739848012	9.244886715728766	bestq
ecf-314558-bestq	0.4499779098256194	0.6803262956152056	0.15114343146677597	0.007145710093226031	0.038461538461538464	0.010609290114218886	0.2806257110246674	0.6338479406450999	0.27538513359678074	0.17850403627943448	0.1808433560353572	1100.4236923450474	63.08677048534327	3.004131927873489	4.058727625365923	0.046952011482715064	0.9859922411370162	0.1512384993706384	0.8662786468504858	7.540138623490341	bestq
ecf-464701-bestq	0.42232327695584215	1.0	0.26369689691380904	0.03230495532940421	1.0	0.11467449801948577	0.1917687009374651	0.5743363248310841	0.20961469343816422	0.14510263904856083	0.3452639714051104	1790.128586055461	261.5693339813039	2.4445732147785413	3.8264912356597827	0.044578623882307704	4.769912755406924	0.6565489173703035	0.5065494853506841	9.938033896288712	bestq
ecf-258488-bestq	0.3530121835678379	0.8197320203646828	0.2814064493702406	0.02050269959641617	0.16666666666666666	0.04873488211518406	0.28176709833799163	0.6852128276574132	0.23104513479869962	0.2505888975524633	0.19547891609911608	1631.5561020905523	27.634124396157546	2.1257018766275033	3.593264569752702	0.05964769317806069	0.775420011314789	0.3461291926952942	0.1294605950072686	3.052524226253894	bestq
ecf-192574-bestq	0.6161424665791533	0.8042257697873763	0.13243995621784826	0.03516101321507431	0.14285714285714285	0.05070535468368209	0.19445622476467506	0.3989558240854476	0.19580433809769957	0.1495728833879222	0.0200937062261508	6639.294508650647	47.02153763480254	3.1347691756535028	3.745648043043078	0.04011397715014867	0.6017096572522301	0.19585608078770117	0.6199053648215775	9.244886715728766	bestq
ecf-90428-bestq	0.5664105985647931	1.0	0.21742675281906526	0.08461931620691833	1.0	0.24169105409817054	0.2294557424711263	0.4423634442947015	0.21091182238220765	0.14298702044117814	0.047577645751823404	5522.041161081281	52.09506648270072	2.89417036015004	4.015972752078255	0.07898060413478143	1.4216508744260659	0.2877336925779854	0.5179643442927259	6.802539680359562	bestq
ecf-198334-bestq	0.5221506013118333	0.860521432147442	0.26388520689689926	0.0451541197065863	0.25	0.08440261966669005	0.13960562301896873	0.4152224105890683	0.12197662544737639	0.14019560574178674	0.030526976766652177	17341.897267214008	56.83945479365357	2.583611581529708	3.709035044205924	0.022703783934271107	0.49948324655396426	0.06696842964914887	0.5651272672840468	8.55173953516882	bestq
ecf-371768-bestq	0.4493082943921721	0.8197320203646828	0.3324266369249018	0.03848935930819241	0.16666666666666666	0.060504993855158944	0.15631661819226378	0.551447000839805	0.060097717782225675	0.17770278421059693	0.08559146017485389	9151.714311167187	27.24103197789279	2.0954639982994454	3.536196240375737	0.01232376179495026	0.16020890333435336	0.05834679660409486	0.2703170438561336	9.244886715728766	bestq
ecf-259389-bestq	0.5042943797065689	0.7907942942483374	0.18939204558581027	0.012077139625798618	0.07142857142857142	0.018336676894273506	0.222013486268441	0.3957162691992573	0.2304399341687257	0.11612045701849788	0.059315075109887455	1107.517524521456	47.875871237098025	2.992241952318627	3.4696123752119084	0.07310194514120864	1.1696311222593383	0.27845554998328564	0.6770055494917706	5.8271600321154	bestq
ecf-302394-bestq	0.547619511910082	1.0	0.20237440837045126	0.08188078190875009	1.0	0.2646673404350842	0.23246009498578588	0.37122322472805397	0.2472131644814864	0.10550383043815505	0.10510554025986572	7739.011699905793	42.00116949681141	3.0000835354865294	3.416834391919063	0.07328072130869663	1.0259300983217527	0.15490078851213404	0.8492142403098094	7.635448803294666	bestq
ecf-328772-bestq	0.40720043925738414	0.8894640161115737	0.18546289312176492	0.013020996899649315	0.14285714285714285	0.03461748525462988	0.30662846453744086	0.7647916880602645	0.19009494705384264	0.272329907529584	0.2695261556296189	775.0243259875431	90.76069448084594	2.7503240751771507	3.416834391919063	0.036904361301846364	1.21784392296093	0.28230928167862834	0.552890927337585	7.858592354608875	bestq
ecf-302407-bestq	0.415908022429424	0.8197320203646828	0.20860836980078987	0.016859280466430898	0.16666666666666666	0.040013151391311896	0.26606808040292546	0.7647916880602645	0.23102744990493404	0.18666712750881767	0.2752258126841521	1645.228802937824	92.72822364360208	2.6493778183886305	3.5638843075690483	0.02731576155259579	0.9560516543408525	0.14027093534003376	0.6479343696793785	8.146274427060657	bestq
ecf-337345-bestq	0.390086023483933	0.860521432147442	0.19268678454228258	0.015386005037758685	0.25	0.058578429746983324	0.24753005999546016	0.6852128276574132	0.18722068508825473	0.19540036987803017	0.21166014587257886	880.9693121178135	49.476509574804226	2.748694976378013	3.5949254803471855	0.04773894731228365	0.8593010516211057	0.1286415446629695	0.6678938509480695	4.807328621300405	bestq
ecf-198731-bestq	0.5311166717689485	1.0	0.31800824099415786	0.12178609847892741	1.0	0.2765046009377015	0.15155626558544272	0.39232638279747906	0.16079239415841354	0.12551191119350527	0.022991836931845627	9805.425575928217	33.651785358177364	2.2434523572118246	3.5564992716616066	0.02746712196971389	0.4120068295457084	0.07624659278060154	0.35554151838207726	7.540138623490341	bestq
ecf-265551-bestq	0.5433784042747707	0.8380729098668516	0.18001984083423278	0.022085393834853848	0.2	0.04178406929766931	0.16478971873794182	0.37122322472805397	0.12658295577846324	0.10922183431334043	0.12128677003332851	4360.890370563518	69.81786332146551	3.0355592748463267	3.6008464816405366	0.0373067803735544	0.8580559485917513	0.09496033875378106	0.857598594169367	7.858592354608875	bestq
ecf-134483-bestq	0.41498819155150446	0.8894640161115737	0.24799536386441765	0.01752151312779754	0.25	0.03973980061069398	0.16982311804388547	0.7647916880602645	0.08339753658609134	0.21263733904634724	0.25788533062841135	2226.7788032211556	135.94637654206022	2.4717523007647313	3.489087098134371	0.02606143584346019	1.4333789713903107	0.20280227920030044	0.2391353879812466	9.938033896288712	bestq
ecf-233808-bestq	0.38370027887399205	0.9302582864459338	0.1971031294860318	0.01358037973346832	0.2	0.04090311096352968	0.28796017961065107	0.7647916880602645	0.27538513359678074	0.20652425623289508	0.3280683958846544	1179.832688946066	126.97150266994466	2.6452396389571806	3.416834391919063	0.017741784432076555	0.8516056527396749	0.05834679660409486	0.6413379183529072	6.1093924997996165	bestq
ecf-342352-bestq	0.563533866226398	1.0	0.2545108219797519	0.10649844282404781	1.0	0.26897708559465555	0.20514137464776327	0.3883868142754467	0.1846475949482449	0.12137117534194944	0.039849297203303866	7664.796993766821	45.32059541668464	2.83253721354279	3.786865577474828	0.08756628219150768	1.4010605150641229	0.32194997137843434	0.912597900467337	7.453127246500711	bestq
ecf-327379-bestq	0.32390304184276464	0.8380729098668516	0.19280436744552834	0.009972021332716989	0.2	0.04149908860610911	0.14824014190522194	0.37122322472805397	0.0875748535868823	0.13026357638282307	0.06970004347196058	659.3312191384115	55.916679689617965	2.431159986505129	3.416834391919063	0.029492613680996795	0.6783301146629261	0.05975392829185515	0.6067072031070451	5.6205457827524015	bestq
ecf-420433-bestq	0.39352442153366535	0.8197320203646828	0.17818137739070553	0.011741829323522676	0.16666666666666666	0.0378270488928673	0.2311332650009297	0.6154433603355314	0.23102744990493404	0.16296842196931868	0.20093706226150798	1301.066343593704	102.51456610887612	2.7706639488885436	3.5148611026724232	0.028282992827286642	1.0464707346096056	0.07083938115673118	0.9264857564814835	9.244886715728766	bestq
ecf-199259-bestq	0.45808991464864873	0.8042257697873763	0.24942253666539108	0.028015340061588137	0.1111111111111111	0.045451385267530314	0.18444336959329974	0.37122322472805397	0.19009385392210368	0.12709681422287164	0.10380138144230305	4905.229586638402	39.48563635309088	2.6323757568727255	3.416834391919063	0.030994696207531324	0.46492044311296993	0.1159417794925049	0.6149345714997847	9.938033896288712	bestq
ecf-408030-bestq	0.39904979160344856	1.0	0.21174389501618493	0.025298868130516686	0.5	0.10368327790057374	0.20894340217056068	0.7647916880602645	0.19099760908471947	0.18668124785045181	0.2727140994058832	1375.206098657527	62.24326217692283	2.706228790300993	3.6386087388236685	0.029575819425102685	0.6802438467773619	0.11796530427595253	0.4687395085844179	3.7095228926975286	bestq
ecf-331740-bestq	0.49515401829495004	0.9302582864459338	0.22306455207138742	0.02650089954946451	0.14285714285714285	0.05232835653966164	0.1816698140694407	0.37122322472805397	0.22148947465487487	0.12354921102828718	0.09322320436651693	4506.200315585947	73.7561175526702	2.9502447021068083	3.5402436673312936	0.053463807324536136	1.336595183113403	0.17168947938273546	1.2163027606683618	9.244886715728766	bestq
ecf-329054-bestq	0.41180778445526217	0.8197320203646828	0.1900463096574491	0.008091057941028528	0.09090909090909091	0.01616258837073682	0.2790082383864719	0.7647916880602645	0.23650287508747536	0.2151455032102172	0.25870646766169153	527.8604068447803	170.1717099999724	2.7897001639339725	3.5402436673312936	0.048937204891653506	2.9851694983908637	0.22713483210468774	0.773031765772361	8.55173953516882	bestq
ecf-267481-bestq	0.3176857648365164	0.5659202438093938	0.14453264348008385	0.001553711946043372	0.008695652173913044	0.00256596834282601	0.2278685651029939	0.6338479406450999	0.19326944437852775	0.16614303562421684	0.25740230884412885	114.90081357927978	53.83790490670689	2.5637097574622327	3.416834391919063	0.026550743245499588	0.5575656081554913	0.0640884955816804	0.4034006499933326	3.9899989071080655	bestq
ecf-250717-bestq	0.5453113111092164	1.0	0.2809176946902792	0.14612244134678298	1.0	0.30993516144382705	0.22425795393496376	0.7647916880602645	0.12388108917688608	0.23439571997840647	0.2535381345698691	20584.01399787229	100.59668326454828	2.5149170816137074	3.5359550285775496	0.035627698816452814	1.4251079526581127	0.16142274419947117	0.24470250194580598	9.244886715728766	bestq
ecf-205532-bestq	0.49982740245446294	0.8894640161115737	0.2412989735926748	0.031229013006842617	0.2	0.06475473068113409	0.22762811179357856	0.6338479406450999	0.18045716216280713	0.18604222281216382	0.13210645800125587	6685.6410698288	48.16430706880432	2.8331945334590776	3.6781172640086366	0.0449641860071292	0.7643911621211964	0.11619884033111658	0.5170216788174228	7.298976566673453	bestq
ecf-255329-bestq	0.44337753972614635	0.860521432147442	0.19162564252991046	0.015932122269611618	0.25	0.04950359095502188	0.1446912666100631	0.41301938068584343	0.19099760908471947	0.14457090527647923	0.15601603632323818	1147.6478958815128	71.11896012548887	2.8447584050195545	3.4580077365902078	0.02262314851625223	0.5655787129063058	0.13136947851978442	0.25642976537857526	5.353066417618139	bestq
ecf-222824-bestq	0.5822776946657132	1.0	0.2442662553241103	0.07466792466482076	0.5	0.14209300494757612	0.21319712954128692	0.4575778521408967	0.20008162857369516	0.13152677262127638	0.09843983963676761	5085.354832964011	51.89109424375384	2.8828385690974354	3.5046262601128992	0.053717837453941285	0.9669210741709431	0.15473896850213145	0.7436299189281025	7.540138623490341	bestq
ecf-273135-bestq	0.47074396582705635	0.9302582864459338	0.23383331563315807	0.045926199982679564	0.5	0.12106369455443661	0.21295661018163348	0.5084199650879178	0.20011917328835427	0.18145802835953143	0.17437086412597208	2707.3841714900923	49.12672158506927	2.729262310281626	3.5281427624505053	0.030770547165281756	0.5538698489750716	0.09810347639135689	0.3806784698151187	4.670175737225383	bestq
ecf-485482-bestq	0.37742147376782137	0.9302582864459338	0.19978501994264966	0.01633819787303319	0.3333333333333333	0.060721408599125413	0.34354323159485134	0.7647916880602645	0.2771743333330423	0.2289804927234245	0.2819398154856784	568.9165228252904	79.26151571833722	2.556823087688297	3.4995261913208564	0.034647375856068564	1.0740686515381255	0.17168947938273546	0.7184620100077768	4.2476744419646515	bestq
ecf-337643-bestq	0.382380505096613	0.9302582864459338	0.2254656749700201	0.005298515235999638	0.041666666666666664	0.011408981288370694	0.2050721878908764	0.5743363248310841	0.19099760908471947	0.17288195529874562	0.17364633144954839	275.2952811052913	59.05208657457032	2.6841857533895594	3.9962378418204576	0.03618301507593282	0.7960263316705222	0.08280333102821613	0.7096154617421612	4.5086882673342705	bestq
ecf-255347-bestq	0.4183732659530158	0.860521432147442	0.2057505153164335	0.021951303730848814	0.25	0.06183098160241167	0.22348080392079403	0.686762874587689	0.19099760908471947	0.1858521130635379	0.27483939525672607	1231.9363277674772	67.35744943110181	2.694297977244072	3.416834391919063	0.017124598588281678	0.428114964707042	0.05834679660409486	0.5964907962370337	5.449397526556572	bestq
ecf-327029-bestq	0.5095446979861772	1.0	0.3096152966603616	0.08977922475090992	1.0	0.22664519630898056	0.2000400929969824	0.4126038155290615	0.21101252949482674	0.16146878172892892	0.16673911993430904	8561.03332398533	55.757378808875096	2.5344263094943225	3.6879723033311214	0.04657550284355272	1.0246610625581596	0.21857812969865778	0.5366667462920875	7.16544517404893	bestq
ecf-254833-bestq	0.4026255164710633	0.7275757859479001	0.16789702773334308	0.005479097736228164	0.038461538461538464	0.00911978399638457	0.2791644423443483	0.7647916880602645	0.23432687305086486	0.23333966589444458	0.20151668840264697	1029.570058821663	83.80830380922151	2.7936101269740505	3.416834391919063	0.0362479852070093	1.0874395562102788	0.12696095153992484	1.027388552379978	7.7408093189524925	bestq
ecf-471541-bestq	0.49517758901957326	1.0	0.2741174332547952	0.09112813632124366	1.0	0.22911735018807955	0.24169514829787628	0.7647916880602645	0.24504318278203652	0.17206648332540148	0.44916195720426993	4049.8889600598714	322.74986476578175	2.4826912674290913	4.641043750262983	0.03022010838352118	3.928614089857753	0.35887151403563733	0.39049007222388443	9.938033896288712	bestq
ecf-414448-bestq	0.38592580665918214	0.8380729098668516	0.21234639371240957	0.0051125758756377015	0.047619047619047616	0.012383200106367658	0.20473493443334123	0.6333039428636499	0.19099760908471947	0.15727636074649667	0.24223542481765928	690.6439165512049	73.19462504239979	2.7109120386073995	3.7823006776143915	0.039649191965925264	1.0705281830799822	0.10503865919511335	1.092660953438532	6.94230162273472	bestq
ecf-342002-bestq	0.3818348679976467	0.9302582864459338	0.21898462630129675	0.014802308847096908	0.5	0.04920833419387781	0.16433790422498612	0.7647916880602645	0.16825964725827258	0.15603418649467443	0.5182823745350915	217.88224430684366	691.4434269701275	2.5896757564424275	3.778764700724237	0.029496842534715975	7.875656956769167	0.1713970036563126	0.34556831531982024	9.938033896288712	bestq
ecf-270332-bestq	0.5004612214186543	0.9302582864459338	0.2601255549587458	0.03307003300156539	0.25	0.07550182930453514	0.24280442153685255	0.5743363248310841	0.2694265180809434	0.20016481077207265	0.1190165676472009	5686.392369002635	55.21995272681522	2.7609976363407616	4.641043750262983	0.022981430460552694	0.45962860921105386	0.11619884033111658	0.38542793213538684	5.843689334066611	bestq
ecf-238970-bestq	0.5732255150426826	1.0	0.2825236880850541	0.12407544643008073	1.0	0.2370886855136255	0.2183706343663439	0.6852128276574132	0.16778589717348386	0.21526666073802267	0.1689610201420084	15400.103799996563	81.40898640714592	2.466938982034725	3.416834391919063	0.036217019621422625	1.1951616475069469	0.1713970036563126	0.38785928770307904	9.244886715728766	bestq
ecf-369023-bestq	0.40582165565683437	1.0	0.21489010698766786	0.02681858262557705	1.0	0.1266898516054358	0.2770411101269865	0.7647916880602645	0.2072306853637923	0.2591228875640531	0.3124184900739023	516.984678962586	203.9502564506042	2.6147468775718496	3.963831062614021	0.040869773549190684	3.187842336836874	0.4712040808376402	0.5383927422037779	7.858592354608875	bestq
ecf-255352-bestq	0.4276416184795806	0.9302582864459338	0.21081319159564427	0.03299666551704588	0.5	0.10700326204621072	0.17728880401990707	0.6333039428636499	0.19007346297972152	0.17265245797191103	0.23870936579239724	1736.595477296886	71.53039286894432	2.7511689564978585	3.6182151783086627	0.03063579405758788	0.7965306454972849	0.1575058082810503	0.6508552886535074	5.748379154262286	bestq
ecf-342782-bestq	0.5518563516042261	1.0	0.25640902885484534	0.18162600955163485	1.0	0.39070822719975856	0.22216889537249443	0.686762874587689	0.2579958816068306	0.17869184875128738	0.19668647055982225	32709.59993078663	47.178750226907454	2.775220601582791	3.786865577474828	0.04953997212226738	0.8421795260785453	0.13590148033083543	0.895508600474809	6.327115983644488	bestq
ecf-221053-bestq	0.40578069829814833	0.6762235171690494	0.1414027775802936	0.004070458230743422	0.02	0.006027172379317099	0.2249702245639792	0.37122322472805397	0.26631671068989027	0.1379947198222594	0.12717963580157465	386.695568144871	52.70512101672301	2.9280622787068347	3.467088846853563	0.0448284789504073	0.8069126211073314	0.20909157194107345	0.6365556876974903	4.927398602192456	bestq
ecf-318075-bestq	0.4424783425501427	0.8894640161115737	0.23476292941463214	0.025489122565459363	0.16666666666666666	0.05986640701310031	0.16214862026739757	0.37122322472805397	0.1473066781350938	0.14007742465809891	0.03994590156016036	7522.304868196541	38.7679179422857	2.76913699587755	3.416834391919063	0.031120709111471575	0.43568992756060204	0.05834679660409486	0.5865912714865101	9.938033896288712	bestq
ecf-125572-worstq	0.36333829337734125	0.9302582864459338	0.2235341725636358	0.01686511765362648	0.5	0.0753748883281378	0.17334390278445216	0.5743363248310841	0.17971792555151958	0.1453604695918729	0.3818287204752934	1101.034619818973	301.80834597608333	2.4339382740006714	3.765342680314453	0.03773396234031611	4.679011330199199	0.17330560737340914	0.4555442568622253	9.244886715728766	worstq
ecf-242950-worstq	0.5052873626301847	0.9302582864459338	0.2135747202419784	0.03904181741707179	0.5	0.11147122396637553	0.1949586931383712	0.551447000839805	0.2081442494064772	0.18087612747982168	0.1481427812394339	3391.0772578696947	60.22351782656324	2.8677865631696777	3.4254475937403823	0.03287067940306739	0.6902842674644151	0.15019807568874421	0.5085201440801219	7.992123747233398	worstq
ecf-257926-worstq	0.4510801009502712	0.7789474659605677	0.18986951035267358	0.011392543726684096	0.06666666666666667	0.01915433327664963	0.19025810267118878	0.7647916880602645	0.10218360678791305	0.22475038714681242	0.2232043665169299	2416.926430554911	97.1637957743224	2.8577586992447763	3.416834391919063	0.020977721658455812	0.7132425363874976	0.05834679660409486	0.36832351249545714	6.15384426237045	worstq
ecf-426497-worstq	0.35245396478924246	0.7789474659605677	0.19262695115116063	0.007318364384663632	0.058823529411764705	0.016973548571482984	0.2961580051194023	0.7647916880602645	0.1939336806501789	0.23703925577974808	0.2251364536540598	590.2599902244395	69.17773715210109	2.5621384130407807	3.416834391919063	0.04102993465236635	1.1078082356138919	0.21218441184293102	0.6836749798630466	7.540138623490341	worstq
ecf-266120-worstq	0.3928229932132512	1.0	0.20421060561323526	0.04117802017380199	1.0	0.19565163956646148	0.1629012481713313	0.686762874587689	0.1484405124068836	0.1727819236911822	0.27624015843114524	1760.0003072367822	70.09379379061991	2.695915145793073	3.5210395018327576	0.03879526405575569	1.0086768654496479	0.13273599022799903	0.7307433967833509	6.8469914429303955	worstq
ecf-199309-worstq	0.5516716455015666	0.9302582864459338	0.23121969183543875	0.04737406806007471	0.5	0.12210395364016999	0.2148322941759358	0.40274903847811505	0.1984767382329108	0.1303086662359154	0.04564555861469352	6192.891909338689	44.97935245115434	2.811209528197146	3.62582418189783	0.04410036177084938	0.7056057883335899	0.11257417434449668	0.9802754390860855	7.540138623490341	worstq
ecf-327060-worstq	0.48302671509853284	1.0	0.2804352426204006	0.09369118332631814	1.0	0.2503280231636649	0.22320499186219853	0.5743363248310841	0.22724006546859052	0.1711326222278541	0.13355552335410328	5823.01120670466	42.68497397816425	2.510880822244956	3.416834391919063	0.0429099016326282	0.7294683277546794	0.14151802396940552	0.29648264605067487	5.6205457827524015	worstq
ecf-222868-worstq	0.6677209454906765	0.9302582864459338	0.1872152268508531	0.09151436812209855	0.5	0.1474351242662646	0.16938527034993067	0.37122322472805397	0.1449769689139176	0.12770821982994765	0.04564555861469352	16185.75875100454	53.78970536589267	2.9883169647718155	4.015972752078255	0.10057141026366899	1.8102853847460416	0.2877336925779854	0.8084939313810844	9.244886715728766	worstq
ecf-198043-worstq	0.5178330162989141	1.0	0.2213785132086701	0.04021609364117807	0.5	0.1274453020466973	0.24163287235341596	0.46312182074590924	0.25521338289920825	0.14582760179183066	0.058445635898179006	5085.042544594043	43.90232450895656	2.926821633930437	3.6583611290715217	0.06246329676381445	0.9369494514572168	0.11105198532415493	0.9164906625189354	6.759980065940766	worstq
ecf-208667-worstq	0.4597071421019302	0.8197320203646828	0.17477275727537503	0.010605555437390595	0.07692307692307693	0.02114258637134912	0.25030128396992124	0.686762874587689	0.28734347281446726	0.20053954419815165	0.24064145292952713	1670.7973907920184	71.19626320647258	2.966510966936357	3.416834391919063	0.04322383687540846	1.0373720850098032	0.20280227920030044	0.7152514819915611	9.244886715728766	worstq
ecf-327582-worstq	0.3773942316760237	1.0	0.23620099935386016	0.02890435239113205	0.5	0.09946346165557346	0.16549544360801582	0.4837060123910824	0.1588331153576308	0.14391135405583022	0.15258658165483263	1169.5009215164496	76.46928374205523	2.466751088453394	3.489087098134371	0.028297564781215187	0.8772245082176708	0.09709657623816846	0.6292675037463916	5.405434403135455	worstq
ecf-172958-worstq	0.5383480317835612	0.7345132012103256	0.14554778392094064	0.009826592419807434	0.045454545454545456	0.012843462725776092	0.2316103420447499	0.4998049741619881	0.23485505017187974	0.10735808655032976	0.11959619378833986	1331.1015302119133	66.69793073796549	3.334896536898274	3.6628193647602942	0.08052842338788249	1.61056846775765	0.18504352249442632	0.661741506827945	6.176833780595149	worstq
ecf-259233-worstq	0.4751186604131088	0.7789474659605677	0.1662205379243569	0.013822355752393552	0.08333333333333333	0.028470100503848825	0.25552746757922706	0.37122322472805397	0.27538513359678074	0.07082041425336537	0.05574071390619717	3698.228247225935	45.81652435281518	3.0544349568543447	3.5081102250017864	0.05099016207257237	0.7648524310885856	0.23342216970015633	0.8451891710426744	8.146274427060657	worstq
ecf-328999-worstq	0.4062432630617668	0.8380729098668516	0.2616929158983747	0.023478340954950314	0.16666666666666666	0.05460732756594731	0.16941615390236361	0.5743363248310841	0.1766900753619213	0.16317137154603195	0.12688982273100516	1495.3953888403553	41.367048272476815	2.43335578073393	3.4580077365902078	0.045748110025066735	0.7777178704261345	0.13699708236331645	0.7487213427051272	7.635448803294666	worstq
ecf-328998-worstq	0.4103093771171679	1.0	0.21664884880125315	0.027385614624510446	0.5	0.09860221263246127	0.22583227978528544	0.686762874587689	0.22148947465487487	0.2112744531841633	0.3451673670482539	1491.973125015587	74.04111999535336	2.742263703531606	3.4995261913208564	0.05594865628176138	1.5106137196075575	0.17168947938273546	1.057918373175171	6.67993735826723	worstq
ecf-196007-worstq	0.441093100688508	1.0	0.3232150622672056	0.13067803384422985	1.0	0.33954892555175414	0.21593316261502887	0.48557748919484545	0.2835618996907895	0.18698702814213525	0.050958798241800704	32884.475797760686	33.75485557546671	2.1096784734666696	3.416834391919063	0.034647361990453124	0.55435779184725	0.0865185868586769	0.446041566510879	5.6205457827524015	worstq
ecf-204329-worstq	0.44098680990485084	0.7345132012103256	0.17586918563818496	0.01027686202606464	0.07142857142857142	0.020025076210355618	0.20852986922254776	0.37122322472805397	0.19150579275726817	0.09396895141987278	0.13186494710911462	1554.493004707653	52.853843354199604	2.9363246307888673	3.601003485199047	0.04106329494735293	0.7391393090523528	0.15157228550225	0.7629663513321681	7.453127246500711	worstq
ecf-282667-worstq	0.41292685607454077	0.7789474659605677	0.2018861300083474	0.006212895751662336	0.03333333333333333	0.008879276906616579	0.23241572498596802	0.5736570889567842	0.17834005112523	0.1985429963714699	0.16007341931121094	729.7961081700795	70.92104381922324	2.7277324545855093	3.4772382067581886	0.03113974687234616	0.8096334186810002	0.08193834596968619	0.5880906039081312	8.55173953516882	worstq
ecf-296107-worstq	0.5439805621014514	1.0	0.25743191010814376	0.1306634592518138	1.0	0.3110659451156275	0.17899501283284694	0.4368877630305055	0.160217044524218	0.12948959353306214	0.07515818963435252	10341.96386102392	50.607798831338734	2.663568359544144	3.416834391919063	0.0465589393187691	0.884619847056613	0.09379098728282877	0.5677031950895417	9.244886715728766	worstq
ecf-332852-worstq	0.4670459321502511	0.8380729098668516	0.18789573458086473	0.022193968465511086	0.2	0.05505518767899451	0.17082732951534915	0.45573510996848526	0.16194731565920034	0.1424044021251698	0.13094720571897792	3131.2626005622565	72.72736228065247	2.909094491226099	3.55009466756536	0.04476829531925374	1.1192073829813434	0.14963382449041696	0.54313942995173	8.328595983854612	worstq
ecf-165815-worstq	0.40636702455402024	0.8894640161115737	0.24338891547889663	0.010721684336538721	0.1	0.02454631775145725	0.2462274162719876	0.6852128276574132	0.26621434472190814	0.1837440679207879	0.22035453798966334	1117.4863462966048	40.41358367326147	2.525848979578842	3.416834391919063	0.03183093908399758	0.5092950253439613	0.08446857633683107	0.6555251378854611	6.274472250159065	worstq
ecf-406064-worstq	0.6259695810032371	1.0	0.2784665577291907	0.19214992668817332	1.0	0.32363078816743146	0.1503868075840045	0.37122322472805397	0.07757232237163877	0.14643130129445675	0.08216200550644834	52749.865796946215	53.760367538347396	2.560017501826066	3.713505057538631	0.07848737626074	1.6482349014755402	0.7899164124218139	0.4010604659630649	9.938033896288712	worstq
ecf-316595-worstq	0.5090774051382604	0.7907942942483374	0.21829955014880906	0.014919555937765878	0.0625	0.017916289037733363	0.2389174469656757	0.43424276224168146	0.24411419374065388	0.10673515196453309	0.17301840312998115	2823.739243557243	49.996224164644616	2.9409543626261536	3.4978707314348116	0.09498884907642559	1.6148104342992349	0.35887151403563733	0.5779364263928412	8.839421607620602	worstq
ecf-419902-worstq	0.4766694489428161	0.8894640161115737	0.21361180190056336	0.03237351462013627	0.25	0.07495648779740069	0.21179944076672697	0.46445269569493136	0.2154414445249146	0.16479349284855832	0.07651065063034343	4887.717399919481	80.0802789271064	2.8600099616823726	3.865821254239278	0.05694570945539635	1.594479864751098	0.26653968295699615	1.2444798204990655	9.244886715728766	worstq
ecf-314558-worstq	0.44312839058937664	0.6803262956152056	0.15340178483647413	0.006675111955858451	0.038461538461538464	0.011170389885284874	0.28821759669741664	0.6338479406450999	0.27538513359678074	0.16901583106944745	0.1808433560353572	533.2058061720867	45.203847116354176	3.013589807756945	4.058727625365923	0.04771046593131382	0.7156569889697072	0.1512384993706384	0.7014272457198106	5.661367777272656	worstq
ecf-464701-worstq	0.4555807441086814	0.8042257697873763	0.23977769196986118	0.013207327069826426	0.07692307692307693	0.023240089596198426	0.15339556028656112	0.37122322472805397	0.11835587017130761	0.10861689943292036	0.11399314109066319	1304.3796430847826	44.34312958549914	2.7714455990936964	3.8264912356597827	0.08925466762457583	1.4280746819932135	0.6565489173703035	0.5790546754708952	7.992123747233398	worstq
ecf-258488-worstq	0.4413045078523329	0.9302582864459338	0.29526705473488757	0.024497763333688964	0.16666666666666666	0.04894593616386271	0.2005410286349874	0.5736570889567842	0.19009494705384264	0.18706466508330502	0.11945128725305511	1958.534340239592	33.17063905113818	2.5515876193183216	4.641043750262983	0.047374189938183285	0.6158644691963828	0.2253404927920039	0.4371095214753409	4.499954587365516	worstq
ecf-192574-worstq	0.6199025102109946	0.8042257697873763	0.12203524042828563	0.030885846945813932	0.125	0.04526169631124979	0.17906633414108455	0.3989558240854476	0.07952661979724021	0.16224507358158588	0.017678597304738444	9171.030615553542	38.491571653649586	3.2076309711374655	3.745648043043078	0.0420295159212148	0.5043541910545777	0.19585608078770117	0.6659195921795282	9.244886715728766	worstq
ecf-90428-worstq	0.5431385717998952	1.0	0.21175578741345114	0.07905185008391805	1.0	0.2424556029237428	0.2331866623974964	0.4423634442947015	0.21091182238220765	0.14083383219968348	0.03873834709945419	5509.842431119264	52.225643070717986	2.901424615039888	4.015972752078255	0.06959620565817733	1.2527317018471917	0.2877336925779854	0.5744458686777324	6.802539680359562	worstq
ecf-198334-worstq	0.44726013646060164	0.860521432147442	0.2205602444707165	0.018065455421615147	0.25	0.050846366211390784	0.12900181006288924	0.37122322472805397	0.12197662544737639	0.11385110770737857	0.05791431193546829	1205.9087964609625	66.81672324338419	2.7840301351410077	3.709035044205924	0.03151184106632725	0.7562841855918538	0.06696842964914887	0.6851140626178097	6.472297993488985	worstq
ecf-371768-worstq	0.5375942639200627	0.8197320203646828	0.309247511235614	0.04823299736649881	0.16666666666666666	0.06692809076753492	0.1279510559438663	0.37122322472805397	0.060097717782225675	0.14632170100929168	0.07254987199922716	19524.835925289728	24.92570827165035	2.4925708271650353	3.536196240375737	0.015107549934399427	0.15107549934399428	0.05834679660409486	0.6372595582334931	9.938033896288712	worstq
ecf-259389-worstq	0.48234279819704773	0.7907942942483374	0.18518834919246807	0.010375753524859746	0.07142857142857142	0.018232592616509686	0.2238242202190078	0.40274903847811505	0.24695835825273477	0.1091074739135977	0.05767280104332705	983.5115677017063	47.731286116798096	2.9832053822998814	3.4696123752119084	0.0673693290272232	1.0779092644355712	0.27845554998328564	0.8725658565957412	5.8271600321154	worstq
ecf-302394-worstq	0.5166618969823895	1.0	0.19999142415827545	0.06497348972315384	1.0	0.23375400026155485	0.2459845125879064	0.37122322472805397	0.2828991510062988	0.10656801533911868	0.10109645945032121	5486.243766033026	53.15933500026431	2.9532963889035733	3.416834391919063	0.05846510160437806	1.052371828878805	0.15490078851213404	1.0043006644666845	7.7408093189524925	worstq
ecf-328772-worstq	0.37457276372461096	0.860521432147442	0.1535311357321587	0.00665045706205093	0.14285714285714285	0.024307139337729433	0.29914177935457203	0.7647916880602645	0.19009494705384264	0.27683717329693824	0.16017002366806743	1059.931547102139	95.83656600039349	2.7381876000112437	3.416834391919063	0.02865015584827774	1.002755454689721	0.07828638549989006	0.6609380425490261	7.858592354608875	worstq
ecf-302407-worstq	0.41281222864973616	0.8197320203646828	0.20363604026903462	0.010776888638270773	0.16666666666666666	0.025728941110766117	0.24714049541259245	0.7647916880602645	0.22306051596845664	0.19629323324043382	0.3182630536637202	248.7098430580082	147.1284316493781	2.675062393625056	3.692409538971953	0.036686528471324836	2.0177590659228666	0.27315380647229437	0.6309181492076626	5.661367777272656	worstq
ecf-337345-worstq	0.3175146976762129	0.9302582864459338	0.22345898603927156	0.005259445585555161	0.25	0.020396725450437355	0.18942863582348932	0.7647916880602645	0.18084723758642354	0.18748196004303289	0.5189103028546588	394.85863337519106	1279.4242649799444	2.309430081191237	3.9962378418204576	0.030621872700020255	16.964517475811224	0.2948345433335027	0.47699435412295177	9.938033896288712	worstq
ecf-198731-worstq	0.6187965658522084	1.0	0.2370178144638931	0.1473213901277184	1.0	0.34648860429285006	0.17736755780339022	0.37122322472805397	0.16079239415841354	0.12850680332910094	0.02574506110225571	38813.996806162686	41.018364994142146	2.7345576662761433	3.5564992716616066	0.05345452291642599	0.8018178437463896	0.13396422654647597	0.5556606152446821	9.938033896288712	worstq
ecf-265551-worstq	0.4956586785894717	0.7907942942483374	0.21346063058025622	0.01544324969897522	0.07692307692307693	0.0218892950950031	0.17835388853052048	0.37122322472805397	0.1373666393687171	0.10550876925169016	0.12775926194271361	2119.9736804739364	54.814812893422356	2.8849901522853867	3.6008464816405366	0.041845133878685686	0.7950575436950281	0.09496033875378106	0.6846631183580534	8.55173953516882	worstq
ecf-134483-worstq	0.468199679280122	0.8894640161115737	0.23082709431102222	0.025379134568073655	0.25	0.05496402643010705	0.1252972067941939	0.6852128276574132	0.08339753658609134	0.1579262436457759	0.17456407283968506	2253.381114276735	65.19148759175805	2.7163119829899185	3.416834391919063	0.028630952704000855	0.6871428648960204	0.20280227920030044	0.3723290273242329	6.354514957832602	worstq
ecf-233808-worstq	0.37105744221989717	0.9302582864459338	0.2012612881569956	0.013962935046691423	0.2	0.04382313012903933	0.29221525930091674	0.7647916880602645	0.27538513359678074	0.21286634361698972	0.32792348934936966	1363.396923811284	106.9485356632133	2.6085008698344714	3.416834391919063	0.017329020822415518	0.7104898537190363	0.05834679660409486	0.5067481979706822	6.1093924997996165	worstq
ecf-342352-worstq	0.5568101517727462	1.0	0.27468876429770367	0.1377184963319282	1.0	0.3379584153098825	0.20351287580103178	0.3883868142754467	0.1935061087864161	0.1268932669916864	0.09679756557020722	33818.71987318509	43.654852872552624	2.728428304534539	3.786865577474828	0.08539297128142506	1.366287540502801	0.32194997137843434	0.8235637394338358	7.453127246500711	worstq
ecf-327379-worstq	0.37572798136589636	0.8380729098668516	0.22612484538580283	0.01857265832949397	0.2	0.04875959435589362	0.14668142574875165	0.37122322472805397	0.0875748535868823	0.12214271949932747	0.0704245761483843	1139.7121637568996	47.05365624527397	2.4765082234354723	3.416834391919063	0.02889906560843647	0.5490822465602929	0.05975392829185515	0.5808454761190355	4.796370339786051	worstq
ecf-420433-worstq	0.392440738928933	0.8197320203646828	0.1567075005555656	0.007553998694869906	0.16666666666666666	0.02799807676705775	0.2359855543859367	0.6154433603355314	0.23102744990493404	0.15986097458403403	0.20093706226150798	461.17438010125835	99.07384403835144	2.830681258238612	3.5148611026724232	0.03162895104584958	1.1070132866047355	0.07083938115673118	1.143976455811388	5.661367777272656	worstq
ecf-199259-worstq	0.41511009145754885	0.8042257697873763	0.22747583801330268	0.018676785807725242	0.1111111111111111	0.0392496549158141	0.19250863576118735	0.37122322472805397	0.1905457315034116	0.12642489997964879	0.10327005747959234	3516.250310793088	47.863033016364675	2.6590573897980376	3.416834391919063	0.034591301798438744	0.6226434323718975	0.1159417794925049	0.8216384187293805	9.938033896288712	worstq
ecf-408030-worstq	0.40124756354065355	1.0	0.2041618609459164	0.026764495882267234	0.5	0.10855924828651053	0.18125551064515175	0.7647916880602645	0.1713211579207251	0.19541652654664257	0.19678307491667874	1625.5405725753285	57.26271464701659	2.7267959355722184	3.778764700724237	0.026357949621183836	0.5535169420448606	0.0920975965899898	0.30716875256364673	5.303304908059076	worstq
ecf-331740-worstq	0.5064589577263977	0.9302582864459338	0.23392225340900505	0.0302047352005175	0.14285714285714285	0.0552147733154394	0.16466323187424975	0.37122322472805397	0.22148947465487487	0.12363044275674896	0.09322320436651693	8140.0342216635545	78.98719418250344	2.9254516363890164	3.5402436673312936	0.048449386995021125	1.3081334488655703	0.17168947938273546	1.1016814124248868	9.244886715728766	worstq
ecf-329054-worstq	0.3869847441250274	0.8197320203646828	0.18856740933931798	0.007738031283837106	0.09090909090909091	0.018503882380429458	0.2803936481494893	0.7647916880602645	0.22899617487117513	0.214094983002267	0.2401101289668164	291.5505960732356	92.26484797258223	2.713671999193596	3.4995261913208564	0.04577076311783817	1.5562059460064974	0.22713483210468774	0.7599296515366971	6.67993735826723	worstq
ecf-267481-worstq	0.31935901121094196	0.7500145960503397	0.15931904655029208	0.003128276804261387	0.047619047619047616	0.009884242290887446	0.20558980074040606	0.4270572670603109	0.19326944437852775	0.14202540338537886	0.19465777906583587	227.8890642203432	58.32106676065503	2.5356985548110886	3.416834391919063	0.023659904311731896	0.5441777991698336	0.05834679660409486	0.4463535552489356	3.9899989071080655	worstq
ecf-250717-worstq	0.522326697081839	1.0	0.28966240582917285	0.15114521898786742	1.0	0.34138581125644984	0.24627747534194694	0.6338479406450999	0.17428362907940276	0.24475613926913192	0.20214461672221418	33982.48787359132	40.45448705161321	2.5284054407258254	3.5359550285775496	0.03509050042894786	0.5614480068631659	0.16142274419947117	0.28897701401833914	3.9157976905139757	worstq
ecf-205532-worstq	0.4869570583229283	0.8894640161115737	0.2240641551878955	0.0249891345149309	0.2	0.05433313838654753	0.2360400786386381	0.686762874587689	0.2529524525230579	0.15654425672614777	0.24658262087620153	1128.5304350618217	83.75668832439081	2.888161666358303	3.739585792397973	0.05802912039470023	1.6828444914463065	0.19082028439760776	0.43795885772888143	6.620218123565607	worstq
ecf-255329-worstq	0.4647953670861382	0.860521432147442	0.18715675649200586	0.02498705124702229	0.25	0.0695369217843991	0.17804989131298996	0.5743363248310841	0.19099760908471947	0.1627890324919508	0.15587112978795345	4107.337333781643	69.507148331457	2.8961311804773753	3.4580077365902078	0.02698693332948149	0.6476863999075558	0.13136947851978442	0.48163423028851227	8.55173953516882	worstq
ecf-222824-worstq	0.5639311173436398	1.0	0.2696200678243502	0.07554788822566572	0.5	0.1335290136837345	0.23810315232899712	0.4575778521408967	0.21931601956096677	0.15402869046450748	0.09843983963676761	8518.05502181741	64.0815015741119	2.7861522423526908	3.5046262601128992	0.04849612201244771	1.1154108062862975	0.15473896850213145	0.7883950807371561	9.938033896288712	worstq
ecf-273135-worstq	0.5196205570922653	0.9302582864459338	0.23086929812875928	0.05033400172318595	0.5	0.11650068838855583	0.20898625908715995	0.4837060123910824	0.19099760908471947	0.1735133962675512	0.12365357677631261	5504.905906592939	56.459705391993225	2.822985269599661	3.5281427624505053	0.02888132918582422	0.5776265837164845	0.0841177722672202	0.5518590787540757	9.244886715728766	worstq
ecf-485482-worstq	0.3504248397720371	0.9302582864459338	0.19601095880067604	0.0198651489506505	0.3333333333333333	0.0782615211540561	0.42645449200097607	0.7647916880602645	0.4759540410543286	0.2404768256969506	0.22610249722262474	1160.3792508220013	44.867717317150664	2.492650962063926	3.416834391919063	0.0335673920019108	0.6042130560343943	0.1039436648905975	0.6661382339007896	3.1892743487970323	worstq
ecf-337643-worstq	0.3110988162809229	1.0	0.21680601042799003	0.01134602291449602	1.0	0.0936628058897813	0.1693001273642042	0.686762874587689	0.1500142353494052	0.17652724620204605	0.4597884364584843	158.39897758043122	261.7146948727371	2.2957429374801506	3.9962378418204576	0.029815300532591914	3.398944260715475	0.3640614196689215	0.5455242477518218	7.540138623490341	worstq
ecf-255347-worstq	0.376740066550599	0.6217405428560976	0.16708256146998782	0.004447740553159945	0.017241379310344827	0.006690109120178624	0.23836982854432368	0.686762874587689	0.19099760908471947	0.2053283994585591	0.26372989421822923	642.3364308376149	68.220025272636	2.728801010905439	3.416834391919063	0.017371712704011062	0.4342928176002767	0.05834679660409486	0.5624116102326333	5.949049849724437	worstq
ecf-327029-worstq	0.5033237877963208	1.0	0.3043507741092096	0.08257464784174061	1.0	0.22069111985572995	0.21572429301421725	0.4130333255702937	0.21101252949482674	0.15562989480565334	0.16838139400086943	3952.8536468042703	54.989524018134254	2.4995238190061024	3.6879723033311214	0.058772639441299616	1.2929980677085915	0.33787430534732427	0.5557451241967247	7.16544517404893	worstq
ecf-254833-worstq	0.40591822014653406	1.0	0.1835213229255252	0.026011715025933486	1.0	0.14698538012394446	0.2653618884116736	0.7647916880602645	0.22306051596845664	0.22211204426710862	0.28507945708351445	1041.9035565816855	125.13926251232597	2.720418750267956	3.4963684959490235	0.035379452075109806	1.6274547954550511	0.12696095153992484	0.9479055240013207	7.7408093189524925	worstq
ecf-471541-worstq	0.5876175520781043	1.0	0.28288217693786477	0.18419584186277843	1.0	0.34845612963159106	0.2246019039891291	0.5376533123223749	0.2448867402885851	0.1963224393887289	0.1635028739796165	36261.81049791769	39.17791105484475	2.448619440927797	3.4978707314348116	0.03096389459479611	0.49542231351673777	0.35887151403563733	0.3199915177148705	9.938033896288712	worstq
ecf-414448-worstq	0.3613353192537285	0.8380729098668516	0.23209393390044356	0.005165472465552926	0.047619047619047616	0.012893840349253269	0.16671080151468204	0.5067368237930621	0.19099760908471947	0.1372172751007303	0.11307539970052649	834.2898297069262	63.64344480304395	2.5457377921217583	3.7823006776143915	0.038032164632844666	0.9508041158211169	0.10503865919511335	1.2196985790551527	6.94230162273472	worstq
ecf-342002-worstq	0.34932329207128643	0.8042257697873763	0.15999567561034064	0.004804703624739095	0.07142857142857142	0.014473342627186234	0.21207496398631423	0.6333039428636499	0.19099760908471947	0.15377796313217393	0.3022267304255422	231.40252356525122	66.97220098973351	2.67888803958934	3.416834391919063	0.031220613728041535	0.7805153432010383	0.10363771436601957	0.7093079390605199	4.499954587365516	worstq
ecf-270332-worstq	0.5619766769862302	0.9302582864459338	0.24026687498026944	0.03675630909502343	0.25	0.061758194961614075	0.26097742437758925	0.5743363248310841	0.25154815863950647	0.17978736268089343	0.12099695696275901	3300.477600899997	51.45388973471476	2.858549429706376	4.641043750262983	0.022541511199287437	0.40574720158717387	0.11619884033111658	0.29052778050488703	7.229983695186501	worstq
ecf-238970-worstq	0.7235609965344934	1.0	0.16922126947173668	0.2040461705366484	1.0	0.3003030710197589	0.14714959158553534	0.37122322472805397	0.1163799416744388	0.1418024407570863	0.009129111722938704	38334.813789151594	42.76354534327436	2.6727215839546465	3.416834391919063	0.04285980199743584	0.6857568319589734	0.1713970036563126	0.7282294636701526	9.938033896288712	worstq
ecf-369023-worstq	0.38896096750516623	0.6546074796166348	0.1505317905289721	0.0036555291734566256	0.014285714285714285	0.004747533159655851	0.33775522287965654	0.7647916880602645	0.2757847077253633	0.2574793251226067	0.20596048881804568	451.7023009000846	63.369621439542165	2.7552009321540076	3.592902420522552	0.028832176930350933	0.6631400693980714	0.20280227920030044	1.0256846527932562	7.635448803294666	worstq
ecf-255352-worstq	0.48746458324683406	0.9302582864459338	0.21779272161874916	0.05731040881958813	0.5	0.15619971634097526	0.17260077187817066	0.37122322472805397	0.19099760908471947	0.10453740224403468	0.16398589576389896	12141.081827040918	54.07904950100814	2.846265763210955	3.6182151783086627	0.044796834282732206	0.8511398513719122	0.1575058082810503	0.9238871924545878	9.244886715728766	worstq
ecf-342782-worstq	0.5086996375957425	1.0	0.2619195627924743	0.16217761449013252	1.0	0.37293677162287725	0.2209189541620395	0.686762874587689	0.18590980177986444	0.19967684531752877	0.19668647055982225	26117.892567678016	51.898259241531555	2.7314873285016605	3.786865577474828	0.04797643422586588	0.9115522502914517	0.13590148033083543	1.2269981107282186	6.327115983644488	worstq
ecf-221053-worstq	0.37722464994445587	0.6762235171690494	0.15787361401489428	0.004422990658075293	0.029411764705882353	0.008482224078150304	0.289581878079991	0.6154433603355314	0.26631671068989027	0.13342769979111146	0.19514080085011834	343.6886187177728	50.57727828399615	2.8098487935553416	3.467088846853563	0.04647091145161749	0.8364764061291146	0.20909157194107345	0.8601598877342806	5.6205457827524015	worstq
ecf-318075-worstq	0.4735290859159846	0.8894640161115737	0.28570539447983345	0.03875491425873177	0.16666666666666666	0.07257022742453499	0.14765099657206043	0.37122322472805397	0.1473066781350938	0.14574070901826466	0.03994590156016036	17202.35863983174	23.49078007737155	2.610086675263506	3.416834391919063	0.027058912593533022	0.2435302133417972	0.05834679660409486	0.48091780744093626	9.938033896288712	worstq
