3640	0.00976665640672946
3638	0.008770138147390054
2305	0.02664850780036524
2304	0.014068067766426055
2303	0.029113765254676467
2302	0.01892888074283529
2301	0.009415507540589419
2300	0.017879210617249786
3630	0.009825587485699547
3632	0.009887187108063208
3633	0.007681579448173495
3634	0.008548844412402702
2309	0.012881901811096337
3636	0.006808812370195887
2308	0.009645391999972297
2307	0.009415507540589419
4968	0.0065555305095977906
4981	0.022722817011066827
3650	0.0065555305095977906
4982	0.014726931003035291
3651	0.00887622193784524
2320	0.00976715513816282
2317	0.011045302666185409
3649	0.008219355027092373
2316	0.007242341855754368
1	0.007017757995632166
2315	0.007071874307119269
2	0.00794858074288732
2314	0.011997455901621202
3	0.0065555305095977906
2313	0.007112751422125869
5	0.0065555305095977906
2312	0.00709555067704131
2311	0.010325107667255234
2310	0.014558711919098797
7	0.0065555305095977906
3641	0.01052191754723784
9	0.0065555305095977906
3644	0.014811387175599301
3645	0.017377462327941
4977	0.009991721085045297
3647	0.017607791214170877
2319	0.007131953330737682
3648	0.02265195755417091
4979	0.0065555305095977906
2318	0.03299878513173234
3660	0.00790256120786251
3661	0.0065555305095977906
4992	0.025987987983668945
4993	0.011199031287229558
2331	0.0100874223979101
2330	0.009456452318692982
2328	0.011627973664850936
2327	0.009415507540589419
2326	0.014770228269267542
2325	0.025996464473538608
2324	0.012601369218404778
2323	0.06312332158099668
2322	0.0065555305095977906
2321	0.0072451987955876596
4983	0.019910873834098803
3652	0.007584868870519359
3654	0.00819559952001194
4985	0.009740972043053183
3655	0.006834169578135557
4986	0.012980266978547561
3656	0.009341630976176851
4987	0.01795532491868378
3657	0.028416150122251443
4988	0.007994308018565452
2329	0.012765213356821114
3671	0.015842532064861328
2342	0.016806168604298302
1011	0.0065555305095977906
1010	0.0071746639466153585
2341	0.012495261386913712
2340	0.019324225476731634
1008	0.0065555305095977906
2339	0.006781399559769015
2338	0.014558711919098797
2337	0.007125459635884746
2336	0.029096631356505708
2335	0.00782198475252951
1003	0.007858118194273428
2334	0.007240040806843642
2333	0.014760928407649736
1002	0.007351559214334664
2332	0.019102319656100066
3663	0.03252382187709467
4994	0.014503714996755426
3664	0.013165822858642708
4995	0.028242516222284013
3665	0.01769993237591403
3666	0.00796021851671126
3667	0.009341630976176851
3669	0.03963170464916398
1009	0.007419637489300715
3680	0.008420154044082369
3682	0.012127731442755911
3683	0.0065555305095977906
1022	0.04947911331530199
2353	0.014068067766426055
2352	0.009415507540589419
1021	0.04860888180635418
2351	0.007071874307119269
1020	0.007472894938261787
2350	0.009027419701897398
1019	0.10099666542518637
2349	0.022298780709447494
2348	0.007385509618059329
1017	0.05978768504164452
1016	0.010250209295000133
2347	0.07177810586788881
2346	0.022900558397158467
1015	0.007439114521474017
1014	0.007112750602913603
2345	0.026892660505499624
1013	0.010911869459972847
2344	0.013094382284185276
2343	0.009415507540589419
1012	0.007112750602913603
3676	0.0065555305095977906
3678	0.008412930820650498
3690	0.008412930820650498
2364	0.00794858074288732
1032	0.009984603092234302
2363	0.0065555305095977906
2360	0.008939194242115431
2358	0.0065555305095977906
2357	0.011997455901621202
2356	0.014558711919098797
2355	0.007112751422125869
2354	0.02547622727065369
5400	0.0065555305095977906
2375	0.007385509618059329
2374	0.0065555305095977906
2373	0.013520781676045443
2371	0.0065555305095977906
2369	0.01769993237591403
2368	0.0065555305095977906
1037	0.011046114242407534
1036	0.011046114242407534
2367	0.0065555305095977906
2366	0.0065555305095977906
2365	0.009766193949921134
3696	0.011239393612289872
3697	0.008926717765278562
3698	0.01123347058466366
3699	0.0065555305095977906
5410	0.0065555305095977906
5411	0.017765422203812126
2383	0.0065555305095977906
1052	0.022427300575324008
1051	0.050144780035120684
5409	0.01187700177362672
1049	0.035740820451774194
1048	0.07468569512730423
2377	0.008103364102141714
2376	0.015571661186166139
5401	0.01527365782972683
5402	0.0065555305095977906
5403	0.009612280398495054
5404	0.10356044812107264
5405	0.04083928410444609
5420	0.010185473334386947
5421	0.009699023033771716
5422	0.00738087183124132
1066	0.009341630976176851
1063	0.007699821772657047
1061	0.009557222083709755
1060	0.0065555305095977906
1056	0.0083127195004602
5412	0.022858733583206472
5414	0.010185473334386947
5415	0.0065555305095977906
5416	0.0065555305095977906
5417	0.0065555305095977906
5419	0.010734681209466381
5430	0.0065555305095977906
5431	0.007396452998056295
5432	0.01055585480763905
1077	0.007198279313828577
1075	0.0065555305095977906
1070	0.008412930820650498
1068	0.0083127195004602
2398	0.007809275719558368
5423	0.00738087183124132
5424	0.0065555305095977906
5426	0.0065555305095977906
5429	0.0065555305095977906
5440	0.0065555305095977906
5441	0.0065555305095977906
5442	0.0065555305095977906
5443	0.00738087183124132
4113	0.0065555305095977906
5444	0.007396452998056295
5434	0.0065555305095977906
5435	0.0065555305095977906
5436	0.0065555305095977906
4105	0.0065555305095977906
5437	0.00738087183124132
4106	0.007351559214334664
5438	0.00738087183124132
5439	0.0065555305095977906
5450	0.0065555305095977906
5451	0.007400067213529569
4121	0.007349569142572823
5452	0.0065555305095977906
5453	0.007400067213529569
5454	0.013847278105196915
4124	0.008280259369861018
5455	0.016564099368766707
5445	0.0065555305095977906
4115	0.0065555305095977906
5446	0.0065555305095977906
5447	0.0065555305095977906
5449	0.0065555305095977906
5460	0.0065555305095977906
5461	0.007391360649571508
4130	0.010846335835989715
5462	0.007606398959392789
4132	0.0065555305095977906
5465	0.0065555305095977906
5466	0.009341630976176851
4125	0.008280259369861018
4126	0.0065555305095977906
4127	0.009341630976176851
5459	0.007059001750678842
4128	0.007349569142572823
5474	0.00688330703507768
4145	0.014118349054339301
4146	0.008880475597527368
202	0.03274487489544096
203	0.048628632662584374
204	0.014495916839348113
4138	0.010096012532686882
5486	0.00688330703507768
211	0.012799491221919975
216	0.014921958035695827
5478	0.0065555305095977906
4148	0.0069841613506099525
5479	0.007719137175051398
5493	0.01302042077592512
5498	0.007351559214334664
5499	0.0065555305095977906
226	0.021569169739565096
227	0.011628979808108444
5489	0.0065555305095977906
230	0.016996903191385665
1909	0.0065555305095977906
242	0.014921958035695829
245	0.0215691697395651
247	0.012799491221919975
1907	0.0065555305095977906
1906	0.0065555305095977906
1905	0.007018757982777363
1904	0.015618756330696433
1902	0.0274298111824562
1901	0.014495916839348113
1900	0.028806425503084758
4195	0.019764342972278203
4196	0.09293640942651467
4197	0.03180679398453212
4198	0.015567455471881892
4199	0.015567455471881892
1919	0.012127731442755911
250	0.031617192652241916
4191	0.02573229820055177
4192	0.015539779367859309
257	0.0065555305095977906
1918	0.009341630976176851
1917	0.0065555305095977906
1916	0.01170917825572855
1915	0.0065555305095977906
1913	0.018093841664073112
261	0.0065555305095977906
1921	0.016864102235940315
1929	0.015563922018203419
1928	0.028573967037146035
1927	0.010947443477290658
1926	0.009794712723238905
1925	0.0285478757811435
1924	0.022910372181121182
1923	0.0065555305095977906
1922	0.0065555305095977906
270	0.0065555305095977906
1932	0.1348948339979765
275	0.0065555305095977906
276	0.012923760147492786
1931	0.016527502362114078
1930	0.032110493012689006
277	0.006901806543523325
278	0.011469050857448844
279	0.006901806543523325
1939	0.007349569142572823
1938	0.03005479791722463
1937	0.008286349603715302
1936	0.007349569142572823
1935	0.013598927672755796
1934	0.008222966461151941
1933	0.008921499456855268
280	0.011429877124013547
281	0.006901806543523325
282	0.0065555305095977906
284	0.007365574229880369
285	0.007442027244986982
1943	0.008813810315053697
286	0.0065555305095977906
1942	0.0065555305095977906
287	0.00794858074288732
1941	0.01404726927739343
288	0.0068829295609540075
1940	0.0065555305095977906
1949	0.021258912381578156
1948	0.01429626444779168
1947	0.01936006579597635
1946	0.007003729280308335
1944	0.014495916839348113
290	0.015585812807583681
291	0.007694660657438813
292	0.0065555305095977906
293	0.0065555305095977906
294	0.008096494391694763
295	0.00920221900184619
296	0.009418280985540954
1954	0.013832179980671
297	0.013437550742538338
298	0.0065555305095977906
299	0.0065555305095977906
1952	0.016753559494013644
1951	0.06770110497583438
1956	0.012674347900247301
1965	0.03663947533380242
1962	0.007351559214334664
1968	0.007351559214334664
1976	0.007834265229321062
1973	0.00928726293791002
1971	0.00900780438192366
1981	0.007924653451834915
1980	0.03324616668887646
1995	0.008412930820650498
1993	0.0065555305095977906
1992	0.0065555305095977906
3706	0.019743072718072012
3708	0.023272133309072157
3700	0.008420154044082369
3701	0.016523228442773867
3717	0.023272133309072157
3719	0.007442027244986982
3711	0.0065555305095977906
3714	0.01079659455316814
3724	0.11652387929244178
2405	0.008187400179930237
2404	0.012958615358468255
2403	0.043258545649115576
2402	0.07175193970354912
3733	0.014369708869494532
2409	0.012958615358468255
2408	0.10099666542518637
2407	0.012958615358468255
2406	0.008324484917399056
3750	0.006927603627614171
3748	0.006927603627614171
2416	0.0065555305095977906
3749	0.006865097228106575
2415	0.04056046240102241
2413	0.008325331904027471
2412	0.008298422575172095
2411	0.06779736898804022
2410	0.012958615358468255
3741	0.0065555305095977906
3743	0.006927603627614171
3744	0.006927603627614171
2419	0.010523390237103752
2418	0.00832448355454509
2417	0.00832236139369928
3760	0.007046068627865251
3761	0.007396452998056295
2430	0.012127731442755911
2427	0.02801363700417548
2426	0.008324032305758887
2425	0.008324663539203627
2424	0.007862293663603774
2423	0.02544745123109669
2422	0.007899237355790612
2421	0.007855496825331272
2420	0.007692383817393941
3753	0.007003729280308335
3754	0.007209581333954405
3755	0.0065555305095977906
3756	0.007170036569104317
2429	0.008324521511678562
2428	0.043783994520784554
3758	0.006927603627614171
2441	1.0
2440	0.0065555305095977906
2438	0.012958615358468255
2437	0.10099666542518637
2436	0.007974936237535363
2435	0.008309186306714246
2434	0.0065555305095977906
2433	0.008239916883863925
2432	0.008324387374571553
2431	0.05035137990621167
3763	0.006927603627614171
3764	0.013056808006455959
3767	0.007700119452221867
2439	0.008324491330829483
3769	0.009415383654563812
3780	0.010195755736098799
2452	0.013750507465278948
2451	0.012958615358468255
2450	0.007676553632498504
2449	0.007913943129274173
2448	0.01432655954660936
2447	0.007670812975676023
2446	0.007900758257078647
2445	0.007892602051151642
2444	0.007643269739813412
2443	0.008043918583544942
2442	0.014692748085445224
3773	0.007003729280308335
3775	0.008722497539159282
3776	0.008353389700172097
3778	0.0112580533240639
3792	0.0065555305095977906
3793	0.7186924548085994
3794	0.00845052106504085
2463	0.056028363167204984
2462	0.02659360882380728
1131	0.010183079532724005
2461	0.0077489826687147335
2460	0.007351559214334664
2458	0.007628381524818434
2457	0.007351559214334664
2456	0.008464678771389596
2455	0.007351559214334664
2454	0.007351559214334664
2453	0.0065555305095977906
2474	0.0065555305095977906
1142	0.0065555305095977906
2473	0.0065555305095977906
1141	0.009236322052850335
2471	0.0069841613506099525
2470	0.11842818001377232
1139	0.00879750793633641
1138	0.0065555305095977906
2469	0.012127731442755911
2468	0.0065555305095977906
1137	0.009045555317089692
2467	0.023636469523932495
1136	0.007912861506136307
2466	0.015524630857777305
2465	0.0069841613506099525
1134	0.014986848819377402
1133	0.0247943812319274
2464	0.0077489826687147335
3795	0.03448193114467338
3796	0.012127731442755911
3797	0.02182623573687794
3798	0.00845052106504085
3799	0.00939801634276238
5510	0.007487970969348717
2485	0.03981258901932206
1154	0.04997623111406043
1153	0.04997623111406043
1152	0.0065555305095977906
1151	0.04997623111406043
1150	0.03674524564064937
5508	0.008146475871879224
5509	0.006834169578135557
1148	0.0065555305095977906
1147	0.008412930820650498
2478	0.012127731442755911
1146	0.1861000475247559
2477	0.0065555305095977906
1145	0.011970643849748011
2476	0.0065555305095977906
1144	0.015445004493687658
5502	0.0065555305095977906
5506	0.0065555305095977906
5507	0.007703894545233179
5521	0.0065555305095977906
1165	0.019278722640308835
2496	0.05949275783026115
1164	0.049035326956549156
1163	0.04997623111406043
1161	0.02086186398551868
1160	0.0065555305095977906
5519	0.00699090405418805
1159	0.019278722640308835
2489	0.022466501946164247
1158	0.049035326956549156
1157	0.11530390265402087
1156	0.11722529919595541
1155	0.11722529919595541
5512	0.008146475871879224
5513	0.011456631808519541
5514	0.008146475871879224
5515	0.008219355027092373
5516	0.008615343325019089
5517	0.00756653499071429
5518	0.008146475871879224
5530	0.007030453285833923
4200	0.0929364094265147
4201	0.046053504515866525
5532	0.0065555305095977906
1174	0.10099666542518637
1173	0.25543128004603
1171	0.038689692959304224
1170	0.0065555305095977906
1168	0.009683058768977591
1167	0.008412930820650498
1166	0.02086186398551868
5522	0.0065555305095977906
5524	0.0065555305095977906
5525	0.007540245824757343
5526	0.008369047919094862
5527	0.012550688339261113
5540	0.007119414433854133
4211	0.016382113776656836
5543	0.006941363210575557
1187	0.0071017993567293256
1186	0.0160282720959666
1185	0.0065555305095977906
1180	0.0065555305095977906
5533	0.012127731442755911
4203	0.03180679398453212
5534	0.007387561421662537
4204	0.017962774624181332
5536	0.00814592952593667
4205	0.0065555305095977906
4206	0.24427200397696136
5538	0.02119369095135283
4207	0.011560686196540052
4208	0.012127731442755911
4220	0.023154199685184593
4222	0.006930183149979384
4223	0.0065555305095977906
5544	0.0065555305095977906
4213	0.007472894938261787
5545	0.009436585556986475
4214	0.01341688976254794
4215	0.011786555246711277
4216	0.06710217659612304
5547	0.01570720649135765
4217	0.0065555305095977906
5548	0.007484230665124143
4219	0.10113478374865531
4230	0.006930183149979384
4232	0.0065555305095977906
4233	0.0065555305095977906
4234	0.011236621531619908
4224	0.0088731395171821
4225	0.008079100884207066
4226	0.006930183149979384
4227	0.00806452405422943
4228	0.008079100884207066
4229	0.0065555305095977906
4240	0.007484230665124143
5571	0.007252055626242555
4241	0.009150499563587428
4243	0.0065555305095977906
4244	0.0065555305095977906
300	0.007003729280308335
303	0.0065555305095977906
304	0.0065555305095977906
4235	0.0065555305095977906
4236	0.0065555305095977906
307	0.007003729280308335
4237	0.0065555305095977906
4238	0.009150499563587428
309	0.0065555305095977906
4252	0.0065555305095977906
4254	0.0065555305095977906
4255	0.012668551490578488
4256	0.0071917893893890545
311	0.012127731442755911
312	0.012127731442755911
313	0.012746864879773482
315	0.0065555305095977906
317	0.0065555305095977906
4247	0.0065555305095977906
318	0.009341630976176851
4249	0.0065555305095977906
4260	0.007105158114699106
4261	0.008235921934633779
5593	0.00715146179821919
4262	0.008288243967087279
4263	0.008235921934633779
4265	0.010300319095228168
5597	0.00715146179821919
4266	0.12361206038338335
4267	0.007388798796871071
5590	0.0065555305095977906
320	0.012127731442755911
322	0.008412930820650498
324	0.0065555305095977906
326	0.01769993237591403
5588	0.0065555305095977906
327	0.0065555305095977906
4257	0.007062089489536554
5589	0.0065555305095977906
328	0.0065555305095977906
4259	0.015182222816404776
4271	0.007365574229880369
4272	0.0065555305095977906
4273	0.007365574229880369
4274	0.0065555305095977906
4275	0.00794858074288732
4276	0.008645172357872932
4277	0.0065555305095977906
4278	0.414530928004692
4270	0.008161301262811931
331	0.009119331823805107
332	0.008275729883611409
333	0.00687146630413331
334	0.0070831966552559675
335	0.012887548177581627
338	0.009341630976176851
4268	0.010300319095228168
4269	0.008313945152077083
339	0.009341630976176851
4283	0.0065555305095977906
4284	0.006865097228106575
4285	0.007112750602913603
4286	0.009608827623459767
4287	0.018127836142970977
4288	0.009370038593405045
4289	0.024541334162708754
4280	0.022710314209395916
4281	0.013140014612279637
340	0.0065555305095977906
4279	0.01361447721573316
4294	0.04521560793760123
4295	0.009341630976176851
4296	0.0065555305095977906
4297	0.009341630976176851
4299	0.0065555305095977906
4290	0.009486707432416058
4291	0.012390863153488377
4292	0.007112750602913603
10	0.016864102235940315
13	0.0065555305095977906
6001	0.007119414433854133
6000	0.01122081217142085
6003	0.013270765987654917
6002	0.007484230665124143
6005	0.007030453285833923
18	0.0065555305095977906
19	0.0065555305095977906
20	0.01769993237591403
6010	0.0065555305095977906
22	0.007660574687371778
23	0.007429872223481232
24	0.01231595313041836
6012	0.008048114589380487
6011	0.007923709989792473
25	0.008038992220660866
6013	0.011669590976138814
28	0.008259195178715345
6016	0.0065555305095977906
6015	0.009582556595973917
29	0.011286605991830229
376	0.007738514983226529
377	0.007738514983226529
378	0.019777549448966588
379	0.02738610143434024
6007	0.007484230665124143
6006	0.008463920653599301
31	0.011562143051531623
32	0.00854104194068037
6021	0.0085939161839658
6020	0.0065555305095977906
35	0.011118121463681269
37	0.008314625511728391
6024	0.0065555305095977906
39	0.0065555305095977906
380	0.024506554029108767
381	0.007738514983226529
382	0.007738514983226529
383	0.009498759219202556
386	0.0065555305095977906
387	0.0065555305095977906
388	0.0065555305095977906
389	0.00792607852573511
6018	0.009341630976176851
41	0.0065555305095977906
42	0.0065555305095977906
6032	0.007680686467254719
44	0.020257491371293825
6031	0.007680686467254719
45	0.009664742422754327
6033	0.008932053887717801
47	0.00941351236821459
6036	0.006820873411176748
48	0.022428775438485704
49	0.006781399559769015
6037	0.009411874404296252
391	0.00930766169639301
392	0.01795801647038324
394	0.009984603092234302
396	0.008728688873529457
397	0.009924113883035213
50	0.013883916274531477
51	0.08927916073802855
52	0.01113495456388052
53	0.026989068437511827
54	0.016087760070954214
6043	0.012304400383875893
55	0.11008795613521362
6042	0.007252055626242555
56	0.007698763988433011
57	0.03280713200032464
6044	0.008732287472836959
59	0.029804674310413466
6046	0.0065555305095977906
6049	0.006732199450717772
6040	0.006732199450717772
61	0.007185775948393577
62	0.01605324358354931
63	0.009652252432895879
64	0.0065555305095977906
65	0.0065555305095977906
66	0.0065555305095977906
67	0.007698763988433011
6053	0.006732199450717772
68	0.017243260623373387
6055	0.006732199450717772
69	0.012127731442755911
6057	0.006732199450717772
6052	0.010269261621686135
6051	0.0065555305095977906
70	0.0065555305095977906
71	0.017331429355594216
72	0.025362575692714627
73	0.0071746639466153585
74	0.0065555305095977906
75	0.00941351236821459
76	0.0297259321990307
6064	0.007252055626242555
79	0.0065555305095977906
6069	0.0065555305095977906
6061	0.006732199450717772
6062	0.006732199450717772
80	0.0071746639466153585
81	0.0071746639466153585
82	0.016250466387793098
83	0.012456194926273667
84	0.0065555305095977906
85	0.0065555305095977906
86	0.009409320643122603
87	0.0065555305095977906
6075	0.006732199450717772
89	0.0065555305095977906
6077	0.0065555305095977906
6070	0.006732199450717772
6072	0.006732199450717772
6074	0.006732199450717772
6073	0.0065555305095977906
90	0.009652252432895879
91	0.0065555305095977906
92	0.01684611091969513
93	0.008617244854866295
94	0.009652252432895879
96	0.014764785845625584
98	0.0065555305095977906
6087	0.012127731442755911
6086	0.01163102184472292
6088	0.006732199450717772
6081	0.017913498829853408
6080	0.0065555305095977906
6082	0.0065555305095977906
3803	0.007278522414804342
3804	0.012881253667836724
3805	0.022110694940278418
3806	0.012127731442755911
3807	0.007017757995632166
3808	0.0065555305095977906
3800	0.014769506558969962
3801	0.14686928127733853
3802	0.7608353065589912
6090	0.025506769273905366
6092	0.0065555305095977906
6091	0.020320398985484326
6094	0.0065555305095977906
6093	0.0065555305095977906
6095	0.007484230665124143
3814	0.00858216431208671
3815	0.010484785926327083
3818	0.0065555305095977906
3810	0.008958532269852654
3825	0.008831042150179944
3826	0.008211908713162375
3827	0.007278522414804342
3828	0.007249504252188912
3829	0.007351559214334664
3821	0.0065555305095977906
3822	0.0065555305095977906
3823	0.0065555305095977906
3836	0.0065555305095977906
3837	0.009784805585489796
2502	0.01481211258290902
3839	0.0065555305095977906
3830	0.007707118702450469
3831	0.00859044729248721
2509	0.0065555305095977906
3832	0.013334361278525868
2507	0.02474478641283537
3833	0.008126968564428008
2506	0.0065555305095977906
2505	0.014078001769361251
3835	0.006930183149979384
2515	0.009846890509110156
3847	0.0065555305095977906
2514	0.025919466716890365
3848	0.007484230665124143
2513	0.007481985837374473
3849	0.007121489438918581
2511	0.0065555305095977906
2510	0.007351559214334664
3840	0.012878777852850704
3841	0.00789647354989609
3842	0.007121489438918581
2519	0.021840986477325894
3843	0.009724788196737258
3844	0.006930183149979384
2518	0.0077711708982356725
3845	0.006688201960387269
2517	0.008697626226012355
3846	0.01060104095561638
2516	0.0077711708982356725
3860	0.007121489438918581
3858	0.007284947090084114
3859	0.0065555305095977906
3850	0.006930183149979384
3851	0.006930183149979384
3853	0.0065555305095977906
3854	0.009861424612611488
3855	0.013513637828695238
3857	0.0065555305095977906
3869	0.0065555305095977906
1205	0.0065555305095977906
3861	0.010050148487068753
3862	0.0065555305095977906
3863	0.006865097228106575
3866	0.009450485672222583
3867	0.012127731442755911
3882	0.007484230665124143
1210	0.012127731442755911
3893	0.00794858074288732
1231	0.08387457470202003
1230	0.007472894938261787
1228	0.018007335714775533
1226	0.0065555305095977906
2556	0.0065555305095977906
1225	0.0065555305095977906
1224	0.012127731442755911
1222	0.0418401851185055
1229	0.019779073300547796
1241	0.0065555305095977906
2571	0.008273625797321544
1239	0.006808812370195887
1236	0.0065555305095977906
1235	0.0065555305095977906
1234	0.0065555305095977906
1233	0.0065555305095977906
1232	0.0065555305095977906
2584	0.0065555305095977906
2583	0.0065555305095977906
1252	0.0065555305095977906
1251	0.0065555305095977906
1250	0.007484230665124143
5607	0.03297140975287037
1249	0.0065555305095977906
5609	0.01241899783012725
1248	0.0065555305095977906
1246	0.012242699409150789
1244	0.007030453285833923
5605	0.00761352366851414
5606	0.017764679355315945
2595	0.022633221860506463
2594	0.007788379966059025
1262	0.02243858305572233
2592	0.014495922370992061
1261	0.009341630976176851
2591	0.027836234280799885
2590	0.007788379966059025
1259	0.012161657473280916
2589	0.020862049348743642
1257	0.010698771470119363
2588	0.007183676030862023
1256	0.0065555305095977906
1255	0.0065555305095977906
2586	0.0065555305095977906
2585	0.007252055626242555
5611	0.008735684362538788
5612	0.009091213612811708
5614	0.0065555305095977906
5630	0.008014375475104904
4300	0.0065555305095977906
1275	0.008412930820650498
1274	0.007680686467254719
1273	0.036941540617382924
1272	0.006903793067920173
1271	0.01676188721935991
1270	0.0065555305095977906
1269	0.0065555305095977906
1268	0.0065555305095977906
1267	0.0065555305095977906
1266	0.0065555305095977906
2596	0.007183676030862023
5621	0.007802642147018893
5623	0.0065555305095977906
5625	0.007694660657438813
5626	0.012127731442755911
5642	0.007694660657438813
1286	0.01769993237591403
1285	0.012127731442755911
1284	0.0622412630082744
1283	0.0065555305095977906
1282	0.019190802103196597
1280	0.014066669130932224
1279	0.0065555305095977906
1278	0.041970876819310984
1277	0.06185643570510709
1276	0.01482904254701183
5632	0.0065555305095977906
5633	0.00761352366851414
5636	0.011472310693271887
5639	0.007442027244986982
5651	0.009808633683799426
4320	0.007301222105064539
4321	0.0099336773253249
5652	0.008735684362538788
5653	0.0068829295609540075
4322	0.0065555305095977906
1297	0.011639044308058658
1296	0.0065555305095977906
1295	0.0065555305095977906
1294	0.0065555305095977906
1293	0.007669970696229414
1292	0.0065555305095977906
1290	0.007484230665124143
1289	0.009341630976176851
1288	0.0065555305095977906
5644	0.019321603085297717
5645	0.019421715226659714
5646	0.009787407050829502
4316	0.013003883298165647
4317	0.0065555305095977906
4318	0.007301222105064539
5660	0.007563170294398955
4331	0.00715758748786111
4332	0.008446375082203679
4333	0.00715758748786111
5664	0.023272133309072157
3002	0.007365574229880369
3001	0.0071746639466153585
3000	0.0065555305095977906
1298	0.0065555305095977906
4323	0.007301222105064539
4324	0.007301222105064539
5655	0.10560504383161701
5657	0.0071261001381748
4327	0.023091466912247005
5658	0.017267391002201163
4328	0.007301222105064539
4329	0.0065555305095977906
5670	0.0065555305095977906
4342	0.0065555305095977906
4344	0.007278522414804342
3013	0.01341121281583188
3012	0.009696228609964259
3011	0.007062094230793983
3010	0.009073015591012572
3009	0.036406643606528226
3008	0.031653299093922865
3007	0.013180207950425986
3006	0.0071261001381748
401	0.00930766169639301
3003	0.0065555305095977906
404	0.013974916052097828
4334	0.00715758748786111
405	0.0065555305095977906
4335	0.0070377782318405985
4336	0.008076517850768277
406	0.006987918679195203
407	0.0065555305095977906
4337	0.0065555305095977906
4338	0.0065555305095977906
408	0.0065555305095977906
4339	0.0065555305095977906
5680	0.007431530076865096
5681	0.009589465595551308
5682	0.009589465595551308
4351	0.0065555305095977906
4352	0.0071746639466153585
5683	0.009236322052850335
5684	0.014507465301704053
5685	0.011184158929880894
5686	0.12350398402247141
3023	0.015653605890216006
3022	0.011405634135247441
3021	0.007833765965236859
3020	0.0071261001381748
3019	0.00687146630413331
3018	0.02025708938034792
410	0.0065555305095977906
3017	0.00687146630413331
3016	0.02290143209472715
3015	0.010552437997101774
413	0.009730670280802984
3014	0.0071261001381748
414	0.0065555305095977906
4345	0.013520781676045443
416	0.03256451265925259
417	0.020093968185277446
5678	0.007062089489536554
5679	0.014863185936110232
4348	0.019441245167525944
418	0.039126839748407034
419	0.055701605205919984
5690	0.011138537347541696
5691	0.013058089130806534
5692	0.0065555305095977906
5693	0.021634493900567108
5694	0.0826733568506668
4363	0.0065555305095977906
5695	0.007834265229321062
5696	0.016784442551232463
5697	0.013747136282895317
3030	0.013427911660492805
420	0.007975886546373177
421	0.013563015421213426
422	0.007112750602913603
423	0.03298446531880925
424	0.010196356790146832
425	0.007191690116133342
426	0.0065555305095977906
5687	0.009236322052850335
427	0.007191690116133342
4357	0.0065555305095977906
5688	0.007924653451834915
5689	0.008269384295847417
428	0.008732287472836959
429	0.013706521707150712
4372	0.0065555305095977906
3045	0.010190728261229517
430	0.012995893870424434
432	0.010196356790146832
434	0.054420125810722274
435	0.007112750602913603
436	0.017641517406893466
5698	0.016336335600999192
437	0.008269384295847417
5699	0.009236322052850335
439	0.0075729073260967774
3057	0.007883107381922713
3054	0.007252055626242555
3053	0.009874472690410096
3050	0.0065555305095977906
440	0.01645980142096343
442	0.008217927185159027
443	0.03599304347440889
444	0.009341630976176851
445	0.00928726293791002
446	0.007021734333064925
447	0.007484230665124143
448	0.016256089466319255
449	0.035993043474408896
450	0.01648607648091592
451	0.0099692734473988
452	0.0065555305095977906
453	0.008199789835419443
454	0.0065555305095977906
455	0.0065555305095977906
456	0.029707368794040394
457	0.012533864890243983
458	0.017220484996218817
3058	0.007252055626242555
459	0.01126449836624151
6102	0.0072451987955876596
6104	0.013544916038734065
6103	0.009134670472522874
3076	0.007809275719558368
461	0.0065555305095977906
462	0.009622367692374073
463	0.0065555305095977906
464	0.0065555305095977906
465	0.0065555305095977906
466	0.04187278294746398
467	0.0065555305095977906
468	0.0065555305095977906
469	0.03926479223902019
3082	0.007483039413695482
6111	0.006927603627614171
6110	0.00847150689861769
6113	0.006927603627614171
6112	0.006927603627614171
6115	0.013721642106071272
6114	0.008539920472351819
470	0.008784410882861039
3085	0.007483039413695482
471	0.01899628091070742
472	0.06376713522521767
3083	0.0065555305095977906
473	0.029707368794040394
474	0.012077343747729312
475	0.009341630976176851
476	0.007497738293861583
478	0.014286253029700272
479	0.010564440130537442
6106	0.03891966307880431
6105	0.02738964686031036
6108	0.018516236527119975
6109	0.012831993594453415
3093	0.0065555305095977906
6120	0.0065555305095977906
3091	0.008412930820650498
6123	0.012127731442755911
6126	0.012127731442755911
3098	0.009486707432416058
480	0.00794858074288732
481	0.007834265229321062
482	0.049960452753939136
3095	0.008147157679491738
483	0.00789875169026028
484	0.0065555305095977906
485	0.10162456343166693
486	0.006824346990979236
487	0.008777843426721724
488	0.0065555305095977906
489	0.01933954946552798
6117	0.007368037192788623
6116	0.0065555305095977906
6119	0.0065555305095977906
6131	0.016864102235940315
6130	0.0065555305095977906
491	0.02367039716694995
492	0.19717476611133708
493	0.009811983178904339
494	0.01834187081428012
495	0.007662241574838937
496	0.007021734333064925
497	0.007650068966127935
498	0.04318449248968786
499	0.036394113435948464
6127	0.0065555305095977906
6129	0.02089001741014706
6142	0.0065555305095977906
6141	0.0065555305095977906
6148	0.010091224673137408
6147	0.008933002907745255
6140	0.015433787908910288
6153	0.0065555305095977906
6157	0.012127731442755911
6159	0.015133071481764586
6158	0.0065555305095977906
6150	0.008933002907745255
6163	0.008933002907745255
6166	0.0065555305095977906
6168	0.007351559214334664
6169	0.01941864126909769
6160	0.0065555305095977906
6162	0.01398513175380862
6161	0.0065555305095977906
6176	0.008927157281505208
6179	0.015151197020172329
6173	0.007365574229880369
6185	0.006688201960387269
6180	0.011436396398066914
6182	0.007278522414804342
6181	0.0065555305095977906
3905	0.0065555305095977906
3906	0.021502422154166846
3908	0.007661859083022121
3909	0.00804705806492709
3900	0.016888751485901576
6198	0.0071917893893890545
6192	0.007588671741867794
3915	0.0065555305095977906
3918	0.0065555305095977906
3910	0.007661859083022121
3921	0.007442027244986982
2602	0.0065555305095977906
2601	0.00699113510635658
2608	0.0065555305095977906
2607	0.01861161189356635
2606	0.009048432060466998
3933	0.010270331131703204
2605	0.0166704331067238
2604	0.008157517356373078
2614	0.007472894938261787
2613	0.0065555305095977906
3947	0.0065555305095977906
2612	0.2181443858376489
3948	0.0065555305095977906
2611	0.015140571660688855
2610	0.008446375082203679
3940	0.013706521707150712
2619	0.008679589073509094
2618	0.01249446214065473
3942	0.013807344159369015
2617	0.0065555305095977906
3944	0.007661859083022121
2616	0.013503893004994001
3945	0.0100925435372636
2615	0.007472894938261787
2623	0.0065555305095977906
2622	0.01769170609275232
2621	0.008169420054906553
2620	0.09926417158629103
3952	0.00806116655206199
2636	0.007365574229880369
3968	0.008412930820650498
1305	0.006966480328418202
1304	0.0065555305095977906
2635	0.007365574229880369
1303	0.02901461545023967
2634	0.0065555305095977906
1302	0.007484230665124143
1301	0.007956290296686918
1300	0.0065555305095977906
3961	0.008412930820650498
1308	0.010419246330634216
2639	0.04217182673315576
1307	0.007589190070258237
2650	0.008412930820650498
1315	0.0065555305095977906
2646	0.0065555305095977906
2645	0.007400067213529569
1313	0.0065555305095977906
2643	0.01739380217877573
1312	0.010756779160308623
1311	0.00794858074288732
2642	0.009133258690146586
2640	0.0065555305095977906
1318	0.006957603047519788
3977	0.007661859083022121
1317	0.008725578950082963
2648	0.018904665858907238
3991	0.015685367423156866
3992	0.11925633296496582
1330	0.0065555305095977906
2660	0.0065555305095977906
1327	0.006732199450717772
2658	0.0065555305095977906
1326	0.00688330703507768
2657	0.009540071946014477
2656	0.010104306894219968
1324	0.012533864890243983
2655	0.007956290296686918
1323	0.01834338863408028
2654	0.0065555305095977906
2653	0.009540071946014477
1322	0.009033226034340038
2651	0.034360515813512994
2659	0.05353386581005214
1341	0.0065555305095977906
1338	0.00955639288714232
1337	0.020260747458135678
1336	0.009208959525387372
1334	0.0065555305095977906
1333	0.0065555305095977906
1332	0.025131146404363522
1331	0.0065555305095977906
3994	0.009202325952847899
3995	0.03748124568862536
3996	0.1139059174069028
3997	0.007692524842863626
3998	0.017675531529115496
3999	0.015357232072967707
1339	0.04547728377169437
1351	0.012456093283459872
1349	0.0065555305095977906
5706	0.0065555305095977906
1348	0.010181115958642956
5707	0.0065555305095977906
1347	0.0065555305095977906
5708	0.0065555305095977906
1346	0.0065555305095977906
5709	0.009341630976176851
1345	0.05381381180472222
1344	0.008524949800795323
1342	0.015402164903202401
5700	0.007345128579949406
5702	0.0065555305095977906
5703	0.0065555305095977906
5704	0.0065555305095977906
5705	0.00750302578731932
1362	0.013932486139978372
1361	0.009341630976176851
5717	0.008332443473838214
1359	0.0065555305095977906
1358	0.007620909025268529
5719	0.00856771417990489
1357	0.03427817517949024
1356	0.0065555305095977906
1355	0.007252055626242555
1354	0.0065555305095977906
1353	0.0065555305095977906
5710	0.0065555305095977906
5712	0.0065555305095977906
5713	0.0065555305095977906
5714	0.01769993237591403
1373	0.0065555305095977906
1372	0.010026042612532142
1371	0.00794858074288732
1370	0.008041450758439955
5728	0.00839435681753997
1369	0.0065555305095977906
1368	0.007484230665124143
1367	0.0065555305095977906
1364	0.02829954893391862
5723	0.0071746639466153585
5726	0.01288291945255809
5740	0.0065555305095977906
1384	0.014505393647670095
1383	0.017724868775745587
1382	0.019647370677319833
1381	0.0065555305095977906
1380	0.006732199450717772
5739	0.0065555305095977906
4408	0.008787893508444262
1379	0.04137474136520134
1376	0.0065555305095977906
5731	0.0065555305095977906
4401	0.008148251276325486
5732	0.01288291945255809
5733	0.00839435681753997
4402	0.022136300301924823
5734	0.007775223380522401
4403	0.030889690426386566
5735	0.0065555305095977906
4404	0.017560273280553793
4405	0.008148251276325486
1395	0.012127731442755911
1394	0.0465106263149026
1392	0.038754639035932605
1390	0.00794858074288732
4419	0.0065555305095977906
1389	0.006732199450717772
1388	0.007062094230793983
1387	0.014003705756919145
1386	0.010731107386319449
5742	0.00839435681753997
4411	0.0065555305095977906
5744	0.007112750602913603
4415	0.007878928231222845
5747	0.0065555305095977906
1399	0.0065555305095977906
1398	0.0065555305095977906
4423	0.0065555305095977906
3111	0.0065555305095977906
3110	0.007681227667811552
3106	0.0065555305095977906
500	0.0612346769346802
3103	0.018530884395534773
503	0.007351559214334664
4434	0.009341630976176851
504	0.009727645370479175
506	0.007284124251229152
4437	0.010290385250686603
508	0.0065555305095977906
509	0.0440005850844114
5780	0.0065555305095977906
5782	0.0065555305095977906
4452	0.006986963517480258
510	0.014342176956718513
511	0.013948512801708291
3114	0.014152204337951705
513	0.023935552752235967
514	0.04332766265991833
515	0.007620144256876349
5776	0.02086186398551868
5777	0.0065555305095977906
516	0.0065555305095977906
4446	0.0071746639466153585
5778	0.0065555305095977906
4447	0.009913983409042482
517	0.009526664732627713
518	0.0065555305095977906
5779	0.0065555305095977906
4449	0.007008452324767132
519	0.009098408204381672
5791	0.018650081082651353
4462	0.02475980423030631
5793	0.0065555305095977906
5795	0.03440745383970903
4464	0.0071746639466153585
4465	0.0072231924338696666
3134	0.013054441526520421
3133	0.009341630976176851
3131	0.0065555305095977906
3129	0.0065555305095977906
520	0.008835243654758244
521	0.0065555305095977906
522	0.008412930820650498
523	0.053648889058646336
524	0.06839694432497626
5786	0.011026558401203234
525	0.017526270368163042
4455	0.007019880587360966
526	0.00774736237585661
5788	0.007278522414804342
527	0.00884108207264046
4458	0.0065555305095977906
528	0.011694588132893308
529	0.007503687582084609
4470	0.6629775888851712
4475	0.2883238959750129
3142	0.013698377323136189
531	0.007351559214334664
533	0.025543543852548437
534	0.010698023861138373
535	0.13131833586160194
4466	0.0065555305095977906
536	0.011236699928386287
537	0.021390926033558015
538	0.017649544680887433
539	0.0661597499048028
4484	0.007351559214334664
4487	0.25447332792152333
3150	0.00880453271956411
541	0.008412930820650498
542	0.0319899084165559
543	0.008526851373061731
544	0.0065555305095977906
545	0.007021734333064925
3147	0.01256702215258851
3146	0.008412930820650498
546	0.008412930820650498
547	0.011879336397685788
548	0.007487970969348717
4478	0.25163084208835873
549	0.10162456343166695
4492	0.006688201960387269
4493	0.007351559214334664
4495	0.2883238959750129
4497	0.0065555305095977906
3161	0.0065555305095977906
3160	0.0065555305095977906
4490	0.007062089489536554
550	0.025582498058781374
551	0.0111529590542786
552	0.007594716548588574
553	0.007880374120512254
554	0.00907089520207027
555	0.0065555305095977906
556	0.016334285098695108
557	0.007486884094139934
3157	0.007669970696229414
558	0.007719137175051398
4489	0.006688201960387269
559	0.007620144256876349
3177	0.006688201960387269
3173	0.0065555305095977906
3172	0.0065555305095977906
560	0.009299524826771577
561	0.007345128579949406
562	0.027650744740554747
563	0.006966480328418202
564	0.010131026108374252
565	0.007497738293861583
566	0.008238447761127364
567	0.007351559214334664
3169	0.0065555305095977906
569	0.013270477098858285
3181	0.0065555305095977906
3180	0.0065555305095977906
6211	0.012127731442755911
570	0.007834265229321062
571	0.012127731442755911
572	0.008343278308986022
573	0.0065555305095977906
574	0.0065555305095977906
575	0.025226297822439306
578	0.00878929877841644
579	0.01194056465937262
6206	0.0065555305095977906
3199	0.0521127056201981
3198	0.01229240181211693
3197	0.022979141854833005
3196	0.011044044621055201
3195	0.03517789711878232
580	0.0065555305095977906
581	0.011016907209876902
3194	0.05084726313446222
582	0.01121051069613437
3193	0.024735824647648702
583	0.011093722363903043
584	0.008464678771389596
585	0.09351172359215348
587	0.01753481466105861
588	0.02194539225170271
589	0.01523477238382815
590	0.007775259570698584
591	0.020689757835100818
592	0.00701895320154965
594	0.009664397239320882
595	0.008343278308986022
596	0.04706383295345343
597	0.0065555305095977906
598	0.007021734333064925
599	0.009013227111739066
6241	0.008412930820650498
6242	0.0065555305095977906
6247	0.0065555305095977906
6248	0.009208959525387372
6263	0.008412930820650498
6267	0.008076517850768277
6269	0.01433674759908374
6268	0.009178729733086262
6274	0.019745113055998815
6273	0.008823359767469622
6278	0.010030391534694398
6270	0.01628341458821643
6272	0.0065555305095977906
6271	0.0269929934852682
6286	0.0065555305095977906
6299	0.012556362283768076
6290	0.0065555305095977906
6292	0.008410642634919528
6293	0.0065555305095977906
2718	0.009679376493864673
2724	0.007382314868835863
2723	0.007121489438918581
2721	0.0065555305095977906
2728	0.030267293051587586
2726	0.008907162233242364
2725	0.02934545519885769
2734	0.03862858362335234
1403	0.0065555305095977906
2733	0.03707136836178495
1401	0.0065555305095977906
2731	0.007382314868835863
1400	0.0065555305095977906
1409	0.010409863651712483
1408	0.06505988846530507
1407	0.014173770300467561
2738	0.008580299212774253
1406	0.006957603047519788
1405	0.013682790900422173
2736	0.010519798688091104
2746	0.009473970748339357
1415	0.012688849861528309
1414	0.009836937725790905
2745	0.0065555305095977906
1413	0.0065555305095977906
1412	0.012127731442755911
2743	0.0065555305095977906
2741	0.006808812370195887
1410	0.012127731442755911
1419	0.0065555305095977906
2749	0.010168415335414923
1418	0.0065555305095977906
1417	0.007484230665124143
1416	0.0065555305095977906
2747	0.007119414433854133
2760	0.013014228178145102
1426	0.030926353910519216
2757	0.014913831909334973
1425	0.02581261724779702
1424	0.02043410475026731
2754	0.015198683544700473
1423	0.0065555305095977906
1421	0.007484230665124143
2752	0.007382314868835863
1420	0.00885295779910227
1429	0.0065555305095977906
1428	0.022792999848539962
2759	0.01387157116100173
2758	0.018495961080650908
1440	0.011591783517433502
2771	0.009466272312839598
2770	0.015408364742152757
1437	0.0065555305095977906
2768	0.009846495918025194
2767	0.022423839035432165
2766	0.007934175484872678
1434	0.0065555305095977906
2765	0.009202325952847899
1433	0.0065555305095977906
1432	0.01617156807266524
2763	0.025615793689715127
1431	0.0065555305095977906
2762	0.016368732744391528
2761	0.020638605010900993
1430	0.0065555305095977906
2769	0.00955058851117028
1438	0.0065555305095977906
1451	0.016263287769043795
1450	0.007284947090084114
2781	0.007400067213529569
2780	0.007091838159314079
1448	0.05886029384906338
2779	0.007091838159314079
1447	0.00794858074288732
2778	0.024639717815848693
1446	0.015506497488185483
2777	0.007091838159314079
5808	0.0065555305095977906
2775	0.007606398959392789
1444	0.0065555305095977906
5809	0.0065555305095977906
2774	0.014673530744092528
2773	0.007733903317354232
1442	0.00976932370561202
1441	0.006732199450717772
5800	0.0065555305095977906
1449	0.0065555305095977906
1462	0.029194738372111007
1461	0.02562832610696177
1460	0.006732199450717772
1459	0.05974011994441431
5816	0.009341630976176851
1458	0.01769993237591403
1457	0.036544336579912226
2788	0.008652216220097835
5818	0.0065555305095977906
5819	0.0094460720529205
2787	0.007400067213529569
1456	0.0065555305095977906
1455	0.03685190358278074
1454	0.0065555305095977906
1453	0.015106221842880217
2783	0.00794858074288732
5815	0.012127731442755911
1472	0.0065555305095977906
1471	0.0065555305095977906
1470	0.0065555305095977906
5827	0.009963716348647282
5828	0.018897401942324015
2799	0.01331182414105201
2798	0.00794858074288732
1467	0.0065555305095977906
1466	0.007669970696229414
1465	0.0065555305095977906
2796	0.012329408113639414
1463	0.0065555305095977906
2794	0.01703552740619129
5823	0.0065555305095977906
5826	0.01769993237591403
1484	0.013283998855622974
1483	0.0065555305095977906
1480	0.013820697196859542
5838	0.009470181189510627
1479	0.00794858074288732
4509	0.018505303361977334
1478	0.0065555305095977906
1476	0.0065555305095977906
1474	0.0065555305095977906
5830	0.01401554832946346
5831	0.008066790278221478
5833	0.00836393921440616
5835	0.008723138601885776
5836	0.010649287980082644
4520	0.010192939452076008
1495	0.0065555305095977906
1494	0.0065555305095977906
1492	0.007669970696229414
1491	0.014191922321772488
1490	0.009672748300858746
4518	0.009229611434313733
4519	0.009292845928488284
1489	0.010419246330634216
1488	0.007669970696229414
1487	0.0065555305095977906
5841	0.0075729073260967774
5842	0.012765843099171045
4511	0.0065555305095977906
4513	0.0065555305095977906
4514	0.008412930820650498
4515	0.0065555305095977906
4516	0.014953633344571816
5847	0.0075729073260967774
5848	0.01299250173678005
4530	0.008562951615004755
4531	0.10110764874185861
5862	0.0065555305095977906
3200	0.0127469461591886
4529	0.010290414575612675
1499	0.0065555305095977906
1497	0.03834967606053737
4521	0.0065555305095977906
5852	0.009805981053940028
5854	0.01358845786705439
4523	0.0065555305095977906
4526	0.014913831909334973
5858	0.009035016193120929
4527	0.0065555305095977906
4528	0.10432566725967982
5871	0.020399176439422923
4540	0.012127731442755911
5872	0.013193109958426649
4541	0.010137659680913725
4542	0.0065555305095977906
3203	0.0065555305095977906
600	0.031058445852453848
3202	0.00860819825667083
3201	0.0065555305095977906
601	0.0065555305095977906
602	0.026778414086866084
4532	0.007698763988433011
603	0.02945573046639079
4533	0.0065555305095977906
5865	0.06031716474443665
604	0.007365574229880369
4534	0.051395255185274456
605	0.0065555305095977906
4535	0.1064700585867993
4536	0.032085406538199475
606	0.007365574229880369
5867	0.01810571969659402
607	0.020385881204276323
608	0.04484265453094526
4538	0.03426048877488271
4539	0.11303422040537353
609	0.019076273428681075
3209	0.008412930820650498
4550	0.0065555305095977906
5882	0.008961759027055306
5884	0.011138537347541696
3222	0.0065555305095977906
3219	0.008412930820650498
610	0.009341630976176851
611	0.0065555305095977906
612	0.01769993237591403
4543	0.0065555305095977906
613	0.014078001769361251
4544	0.0065555305095977906
614	0.01223050433371453
615	0.008927157281505208
4545	0.015709860614071848
616	0.012127731442755911
4546	0.0065555305095977906
617	0.008674956935959719
5879	0.011981013826745485
618	0.0065555305095977906
619	0.0065555305095977906
5891	0.01307586633513192
4562	0.11039384792376261
5893	0.0071746639466153585
4563	0.022427300575324008
4564	0.06462414253073004
3227	0.0065555305095977906
620	0.011347044468072637
622	0.014078001769361251
623	0.0065555305095977906
5885	0.016163791013189016
4554	0.012127731442755911
624	0.0065555305095977906
5886	0.011960385216328633
625	0.022823433911747227
626	0.058866117880227505
5888	0.04317477969847419
628	0.009450485672222583
5889	0.0076272138637252865
629	0.0065555305095977906
4570	0.008412930820650498
4571	0.0074494044092919065
4572	0.011469050857448844
4573	0.008412930820650498
4574	0.0074494044092919065
4575	0.011561224347884836
3244	0.008148251276325486
3243	0.017560273280553793
3242	0.008148251276325486
3241	0.022136300301924823
3240	0.030889690426386566
630	0.0065555305095977906
631	0.01769993237591403
632	0.0231875758564302
633	0.0065555305095977906
634	0.019138709884881693
5896	0.0075729073260967774
635	0.014078001769361251
4566	0.03453522669579356
636	0.01769993237591403
5898	0.012283394909661044
637	0.007365574229880369
638	0.014503714996755426
4569	0.0074494044092919065
639	0.0336193620261335
4580	0.0065555305095977906
4583	0.0065555305095977906
4585	0.020633445198998675
4586	0.0065555305095977906
3255	0.0065555305095977906
3254	0.0065555305095977906
640	0.0065555305095977906
641	0.0065555305095977906
3248	0.0065555305095977906
642	0.007365574229880369
643	0.025616400820660783
644	0.01769993237591403
645	0.0065555305095977906
3245	0.0065555305095977906
646	0.0065555305095977906
4576	0.006912223380829296
647	0.014078001769361251
4577	0.0065555305095977906
4578	0.008412930820650498
648	0.006848804242921901
649	0.006848804242921901
4590	0.01409596880604564
4591	0.010091317236508439
4592	0.00809475159057209
4593	0.011928870256842966
4594	0.011851056188088686
4595	0.009479329645416241
4596	0.00809475159057209
3264	0.007484230665124143
3262	0.007484230665124143
650	0.006848804242921901
651	0.006848804242921901
652	0.006848804242921901
653	0.006848804242921901
654	0.05026339805947344
3258	0.0065555305095977906
655	0.006848804242921901
656	0.006848804242921901
4587	0.008234430136243687
657	0.006903793067920173
658	0.011258119862776658
4588	0.0065555305095977906
4589	0.011044044621055201
3277	0.0065555305095977906
3276	0.0065555305095977906
3275	0.0065555305095977906
3274	0.0065555305095977906
3273	0.0065555305095977906
3272	0.007365574229880369
3271	0.0065555305095977906
3270	0.0065555305095977906
660	0.00894788098043783
661	0.00894788098043783
662	0.06827484445926293
663	0.012752620156423925
664	0.028803805892616358
3269	0.007192246104995391
3268	0.011079869029043144
3267	0.007900943177410172
4598	0.00772207477889898
3280	0.0065555305095977906
3288	0.0065555305095977906
3287	0.0065555305095977906
3286	0.0065555305095977906
3285	0.0065555305095977906
3284	0.0065555305095977906
3283	0.0065555305095977906
3282	0.0065555305095977906
3281	0.0065555305095977906
3279	0.0065555305095977906
3278	0.0065555305095977906
6305	0.008410642634919528
3291	0.0065555305095977906
3290	0.0065555305095977906
3299	0.0065555305095977906
3298	0.0065555305095977906
3297	0.0065555305095977906
3296	0.0065555305095977906
3295	0.0065555305095977906
3294	0.0065555305095977906
3293	0.0065555305095977906
3292	0.0065555305095977906
683	0.006824346990979236
685	0.0065555305095977906
3289	0.0065555305095977906
6333	0.007345128579949406
691	0.008412930820650498
692	0.0065555305095977906
6327	0.0065555305095977906
6344	0.009519589479960802
5014	0.007278522414804342
5006	0.0065555305095977906
6336	0.007834265229321062
6351	0.0065555305095977906
6353	0.0065555305095977906
6352	0.012421005176080021
5022	0.00815006412079077
6355	0.006848804242921901
5023	0.00815006412079077
6354	0.0065555305095977906
6357	0.01647603824238109
6356	0.0065555305095977906
5016	0.008859449568735982
5030	0.007503687582084609
6362	0.0077489826687147335
6361	0.0077489826687147335
5032	0.007484230665124143
6364	0.0065555305095977906
6363	0.006848804242921901
5034	0.006688201960387269
6366	0.0065555305095977906
6365	0.007351559214334664
5036	0.00794858074288732
6368	0.007056276952801698
5037	0.008807628386749198
6367	0.006848804242921901
6360	0.0065555305095977906
6359	0.012475994001078294
6358	0.0065555305095977906
5041	0.006865097228106575
5042	0.006927603627614171
5043	0.007547725490974804
5044	0.0065555305095977906
5047	0.0065555305095977906
5048	0.017832603826703514
5040	0.007540418041000294
6370	0.007623222397271523
5038	0.011497171090098367
6369	0.0065555305095977906
5039	0.009341630976176851
5052	0.014831310266943917
5053	0.011066359836440078
5054	0.02113582980105992
5055	0.011231068694799723
5056	0.0065555305095977906
5057	0.024613421574818817
5058	0.020529165269225717
5059	0.0065555305095977906
5051	0.011661808671696233
5063	0.0065555305095977906
5064	0.011661808671696233
5066	0.007018757982777363
5067	0.011661808671696233
5068	0.0065555305095977906
5069	0.0065555305095977906
5060	0.007442027244986982
5061	0.0065555305095977906
5062	0.012053857566748134
5076	0.01334637399802844
5078	0.0065555305095977906
5079	0.0065555305095977906
5070	0.0065555305095977906
5072	0.011608101593830453
5073	0.006688201960387269
5086	0.007946258992498505
5087	0.01769993237591403
5089	0.018848694090032505
5082	0.03928227787570774
5083	0.010270331131703204
5084	0.00818075578176891
2807	0.016564099368766707
5096	0.01061907295031238
5097	0.026440757743839298
5098	0.007878928231222845
5099	0.03765146346021449
5091	0.007878928231222845
5092	0.01275581176298747
5093	0.0065555305095977906
2812	0.008412930820650498
2819	0.007669970696229414
2818	0.0065555305095977906
2822	0.0065555305095977906
2821	0.012127731442755911
2820	0.0065555305095977906
2829	0.011709816372769053
2828	0.01769993237591403
2827	0.012127731442755911
2826	0.0065555305095977906
2825	0.0065555305095977906
2824	0.0065555305095977906
1503	0.0065555305095977906
2834	0.014078001769361251
1502	0.007956290296686918
2833	0.0065555305095977906
2832	0.012127731442755911
1500	0.0065555305095977906
2831	0.022081075359609608
2830	0.0065555305095977906
1509	0.012127731442755911
2838	0.14408797441890553
1507	0.007682671634961771
1506	0.007666558699311923
2836	0.039328038521779976
1505	0.0065555305095977906
1504	0.0065555305095977906
2835	0.045331248192249166
2845	0.01053346284243567
2844	0.01178878953454515
1512	0.0065555305095977906
2843	0.007547725490974804
2842	0.024260506655660617
1511	0.012127731442755911
1510	0.006957603047519788
2841	0.007145148694797538
1519	0.007669970696229414
2849	0.008775238991238759
1517	0.0071746639466153585
2848	0.009380157986360783
2847	0.008775238991238759
2846	0.009698838383895545
1525	0.0065555305095977906
2854	0.0065555305095977906
1522	0.0065555305095977906
2853	0.0065555305095977906
2852	0.0065555305095977906
1520	0.0065555305095977906
2851	0.008636650273916788
2850	0.011183577954228072
1529	0.0069841613506099525
1527	0.008274032185243058
1526	0.0065555305095977906
1536	0.0065555305095977906
2866	0.007198279313828577
1534	0.0065555305095977906
1533	0.0065555305095977906
1532	0.0065555305095977906
1531	0.0065555305095977906
1530	0.0065555305095977906
1539	0.020552445090586208
1538	0.01646695833057461
2868	0.010842377685319522
2881	0.0065555305095977906
2880	0.0065555305095977906
2877	0.020783645738988037
5905	0.007365574229880369
5906	0.0065555305095977906
2876	0.0065555305095977906
2875	0.013894341330569894
5907	0.015440095330799904
2874	0.0065555305095977906
5908	0.007384877840044296
5909	0.00831090278967531
2872	0.007019880587360966
2871	0.007019880587360966
5900	0.00976331384326208
5901	0.016030484173092028
5902	0.012522429008854611
2879	0.008322140397411774
5903	0.00709154704159756
1561	0.007112750602913603
2891	0.008322140397411774
2890	0.010137659680913725
5915	0.0065555305095977906
5916	0.0065555305095977906
5917	0.047340998690341266
5918	0.03501150375381167
2885	0.010183428583802499
2884	0.0065555305095977906
2883	0.007351559214334664
5910	0.012653994864220846
5911	0.009140250120121816
5912	0.009140250120121816
5913	0.009140250120121816
5914	0.009140250120121816
1571	0.010912424266598459
1570	0.006688201960387269
5926	0.030339678479079528
1569	0.02997400176522556
2899	0.008322140397411774
1568	0.017135237591716663
5927	0.0065555305095977906
1567	0.024901894676835627
2898	0.008322140397411774
5928	0.012804355841782253
1566	0.017135237591716663
2897	0.007515777566988832
2896	0.007907916943220347
1565	0.00888223797832713
2895	0.007955214315426794
1564	0.007335638640239927
1563	0.007018757982777363
2894	0.0065555305095977906
1562	0.007018757982777363
5920	0.04686820341531993
5921	0.006688201960387269
5922	0.007278522414804342
5923	0.0071917893893890545
5924	0.021004772936828217
5925	0.008277881711521823
1583	0.008899392806878587
1582	0.01646490709710266
1581	0.0065555305095977906
4606	0.00809475159057209
1579	0.013635207512226123
4607	0.0065555305095977906
5938	0.03292942166427714
4608	0.00809475159057209
1578	0.006688201960387269
1577	0.007468760226308871
4609	0.00809475159057209
1576	0.013283360109048164
1575	0.013008446129007619
1573	0.0065555305095977906
5930	0.029717001138879682
5931	0.0065555305095977906
4600	0.027413248507951266
4601	0.04575410417917764
5932	0.020225333441691768
4602	0.009126675586012314
4603	0.05751493588047584
4604	0.010699698444112152
4605	0.010091317236508439
5950	0.007923709989792473
1594	0.01633921649244548
1593	0.011709816372769053
1592	0.017026642669452734
5948	0.0065555305095977906
5949	0.0065555305095977906
4618	0.009909074404744244
4619	0.017425106804865337
1589	0.008080146598253554
1588	0.00945301210594584
1587	0.0065555305095977906
1586	0.009416715276152843
1585	0.024823370062337313
1584	0.006732199450717772
4610	0.029122522455902515
4612	0.0449145417109341
5943	0.0065555305095977906
4613	0.008234430136243687
4614	0.0416069938160425
4615	0.013172842920717687
5946	0.0065555305095977906
4616	0.015094017206379224
4630	0.006988272714687299
4628	0.010091317236508439
5959	0.007689871413847837
1597	0.018713030850934734
1596	0.0065555305095977906
1595	0.015088193302695068
5951	0.0065555305095977906
4621	0.006988272714687299
5953	0.006941363210575557
4622	0.00772207477889898
4623	0.00772207477889898
4624	0.00772207477889898
5955	0.013507793703714757
4625	0.11287167592478511
5957	0.01185879097490404
4627	0.00772207477889898
3310	0.0065555305095977906
3307	0.0065555305095977906
3306	0.0065555305095977906
3305	0.0065555305095977906
3304	0.0065555305095977906
3303	0.0065555305095977906
3302	0.0065555305095977906
3301	0.0065555305095977906
700	0.0065555305095977906
3300	0.0065555305095977906
701	0.007547725490974804
4631	0.0065555305095977906
702	0.006936684531761731
703	0.0065555305095977906
5964	0.008369047919094862
5965	0.009349966084340819
704	0.007484230665124143
705	0.021412139535538027
706	0.007484230665124143
5967	0.012602654218992045
707	0.007547725490974804
3309	0.0065555305095977906
3308	0.4634760070285644
5969	0.0065555305095977906
709	0.0065555305095977906
5982	0.008068406076791794
5983	0.012353250555821767
3321	0.0065555305095977906
3320	0.0065555305095977906
3318	0.0065555305095977906
3317	0.0065555305095977906
3316	0.0065555305095977906
3315	0.0065555305095977906
3314	0.0065555305095977906
3313	0.0065555305095977906
710	0.0065555305095977906
3312	0.0065555305095977906
711	0.0065555305095977906
3311	0.0065555305095977906
712	0.011640486216064123
713	0.011048606141805957
5975	0.007623275912185816
714	0.008730042844594207
5977	0.007623275912185816
716	0.01770773158672886
717	0.011048606141805957
718	0.01315786274249472
719	0.007834265229321062
3319	0.0065555305095977906
3332	0.0065555305095977906
2001	0.0065555305095977906
3331	0.0065555305095977906
3330	0.0065555305095977906
3329	0.0065555305095977906
3328	0.0065555305095977906
3327	0.0065555305095977906
3326	0.0065555305095977906
3325	0.0065555305095977906
720	0.007112750602913603
3324	0.0065555305095977906
721	0.08145483901507347
3323	0.0065555305095977906
722	0.007097450090028266
3322	0.0065555305095977906
5984	0.00701895320154965
723	0.00794858074288732
724	0.0065555305095977906
725	0.0065555305095977906
5986	0.010854506543370853
5987	0.0065555305095977906
726	0.03429064056502093
727	0.008415896099679692
728	0.0065555305095977906
729	0.024271239841937096
4670	0.012357219905254332
4671	0.008778195089989017
4672	0.013847566666155268
4673	0.009991288592363163
4674	0.008917352969590063
2012	0.014558711919098797
3343	0.0065555305095977906
2011	0.008236894018738294
3342	0.0065555305095977906
2010	0.01930530979522341
3341	0.0065555305095977906
3340	0.0065555305095977906
2009	0.05552518362116351
3339	0.0065555305095977906
2008	0.013259471086416423
3338	0.0065555305095977906
2007	0.008676062531382965
3337	0.0065555305095977906
3336	0.0065555305095977906
731	0.014286480469624925
3335	0.0065555305095977906
732	0.0065555305095977906
3334	0.0065555305095977906
2002	0.007484230665124143
3333	0.0065555305095977906
734	0.014286480469624925
735	0.018116889776441377
5996	0.007923709989792473
4666	0.008945117269741641
5997	0.0065555305095977906
736	0.0065555305095977906
4667	0.0232549047776497
5998	0.0065555305095977906
4668	0.007062094230793983
4669	0.007062094230793983
739	0.007046068627865251
4680	0.007844273986027816
4681	0.008883094531763659
4682	0.00708767489079777
4683	0.011350509908276655
4684	0.008120990573560038
4685	0.027824471457423065
3354	0.0065555305095977906
2023	0.009456452318692982
2022	0.0070377782318405985
3353	0.0065555305095977906
2021	0.0100874223979101
3352	0.0065555305095977906
2020	0.010940125761487264
3351	0.0065555305095977906
3350	0.0065555305095977906
2019	0.011627973664850936
2018	0.007939567255996951
3349	0.0065555305095977906
2017	0.01558831407554899
3348	0.0065555305095977906
740	0.0065555305095977906
741	0.03262954124167428
2016	0.021337252050311957
3347	0.0065555305095977906
2015	0.012740066311284371
3346	0.0065555305095977906
742	0.009341630976176851
743	0.018190470494181495
2014	0.009415507540589419
3345	0.0065555305095977906
2013	0.019668141105992465
3344	0.0065555305095977906
744	0.0065555305095977906
4675	0.015615429811937125
4676	0.017316886639398173
4677	0.012817899456378186
747	0.00794858074288732
748	0.00794858074288732
4678	0.008917352969590063
4679	0.007844273986027816
4690	0.05031891134590736
4691	0.008062866096884377
4692	0.02401915450660226
4693	0.028045865218367525
4694	0.017231763642177364
4695	0.008214669927116109
4696	0.012831993594453415
2034	0.011978221732755503
3364	0.012127731442755911
2033	0.009076685919378671
2032	0.006912223380829296
3362	0.009341630976176851
2031	0.02747371354606066
3361	0.009824853567814831
2030	0.020873213919883053
3360	0.012127731442755911
750	0.0065555305095977906
2029	0.006781399559769015
751	0.00794858074288732
2028	0.009645391999972297
3359	0.0065555305095977906
752	0.009578360840230926
2027	0.008610689852216288
3358	0.0065555305095977906
3357	0.0065555305095977906
753	0.00794858074288732
2026	0.014760928407649736
2025	0.006872474564839869
3356	0.0065555305095977906
3355	0.0065555305095977906
2024	0.023088272189920784
4686	0.01617597939782043
4687	0.010043766460120096
4688	0.01046661006446259
4689	0.0205577476592796
759	0.0065555305095977906
2045	0.007071874307119269
2044	0.018906835847100265
2043	0.009027419701897398
2042	0.009599546241629158
2041	0.007182806405408911
3372	0.0065555305095977906
2040	0.012972222788926737
3370	0.012127731442755911
760	0.010525723674472952
761	0.018544934863102824
2039	0.00732819327402394
762	0.013287277435066256
2038	0.013094382284185276
763	0.01743213449023176
3369	0.012127731442755911
2037	0.037042941646705185
764	0.0065555305095977906
2036	0.013259471086416423
765	0.009341630976176851
766	0.03692431785161978
2035	0.011997455901621202
4697	0.02732114462763825
767	0.0065555305095977906
4698	0.00972499189041333
768	0.007907096717982776
4699	0.015288684531095057
769	0.0065555305095977906
2056	0.036328023293943294
2055	0.011627973664850936
2054	0.009415507540589419
2053	0.014558711919098797
2052	0.015196600306627037
2051	0.013259471086416423
2050	0.012601369218404778
771	0.0065555305095977906
772	0.016864102235940315
773	0.012127731442755911
2049	0.007125459635884746
774	0.0065555305095977906
2048	0.007059001750678842
2047	0.011997455901621202
776	0.007371660949302768
777	0.007371660949302768
2046	0.007549049740386995
778	0.0065555305095977906
779	0.007229283710812856
2067	0.006901806543523325
2066	0.006936684531761731
2065	0.014760928407649736
2064	0.016274693956218025
3395	0.019770581885698038
2063	0.01599400339202752
2062	0.016753368025975813
3393	0.0065555305095977906
2061	0.031773779587387675
2060	0.009415507540589419
780	0.0065555305095977906
3391	0.0065555305095977906
781	0.0072268254977058575
782	0.0065555305095977906
783	0.010746635969957672
784	0.0065555305095977906
785	0.0065555305095977906
2059	0.011269865316738147
786	0.0065555305095977906
2058	0.009599546241629158
2057	0.007125459635884746
3388	0.034359728411690514
789	0.006927603627614171
2070	0.012612171200099824
5100	0.008140712694960984
5101	0.02227709742815106
5102	0.0068829295609540075
5103	0.008807628386749198
2078	0.014715144814982577
2077	0.008837931242277058
2076	0.012255955840586068
2075	0.018621913715070496
2074	0.018677096795919626
2073	0.011997455901621202
2072	0.007112751422125869
790	0.010905860548847507
2071	0.0100874223979101
791	0.008345302200250907
792	0.007669970696229414
793	0.006927603627614171
794	0.012443993593069835
795	0.007669970696229414
796	0.006927603627614171
797	0.008345302200250907
2069	0.05369165547530671
798	0.008345302200250907
2068	0.038618114241064434
799	0.010528068768547743
2081	0.01892888074283529
2080	0.006872474564839869
5113	0.016067883130872408
5114	0.025283315777677704
2089	0.012591010538934034
2088	0.008228616623670306
2087	0.007071874307119269
2086	0.009027419701897398
2085	0.013094382284185276
2084	0.007071874307119269
2083	0.02547787512958095
2082	0.009599546241629158
2079	0.011997455901621202
5104	0.024098344768863637
5105	0.014143148864509817
5106	0.01053346284243567
5107	0.008019923894219844
5108	0.009425517379277762
5109	0.0068829295609540075
2092	0.013259471086416423
2091	0.00934077486893611
2090	0.007242341855754368
5122	0.0065555305095977906
2099	0.041125932051391784
2098	0.009599546241629158
2097	0.007330993564811324
2096	0.014558711919098797
2095	0.03320046754154997
2094	0.015426600701640798
2093	0.007112751422125869
5115	0.0065555305095977906
5130	0.0065555305095977906
5132	0.0065555305095977906
5142	0.0065555305095977906
5151	0.010354943015729316
5152	0.10471925416756579
5153	0.08169016338122523
5154	0.0065555305095977906
5155	0.007994960140304399
5156	0.0065555305095977906
5158	0.021575318652793055
5150	0.0065555305095977906
5148	0.11772745770385667
5163	0.0065555305095977906
5164	0.006688201960387269
5166	0.060567450505699165
5167	0.025973555176121467
5169	0.0065555305095977906
5160	0.0065555305095977906
5161	0.028700870531385723
5159	0.011176596796491196
5173	0.0065555305095977906
5174	0.0065555305095977906
5179	0.014913831909334973
5170	0.0065555305095977906
5172	0.01068571689573467
5184	0.007097955394438047
5185	0.011460883058645115
5186	0.00976331384326208
5187	0.0065555305095977906
2909	0.045861326643872984
2900	0.01769405507593248
2908	0.05408638412622339
2907	0.0121484706882022
2906	0.006988083265171498
2905	0.009774183731750558
2903	0.018435272060389335
2902	0.006865097228106575
2901	0.009974179524675561
5192	0.0065555305095977906
2911	0.01628954777318348
2910	0.013908780375382209
2919	0.007478257045443272
2918	0.053356716016436836
2917	0.13125784099652982
2915	0.014943224017298182
2914	0.0065555305095977906
2913	0.0065555305095977906
2912	0.022165375976833355
2921	0.14400760179142158
2920	0.012127731442755911
2929	0.01810519462972912
2928	0.03421358881302937
2927	0.007252055626242555
2926	0.04666358877023429
2925	0.00801110196197729
2924	0.05061044123249836
2923	0.008412930820650498
1602	0.009341630976176851
2933	0.0065555305095977906
1601	0.015027017240789746
2932	0.0065555305095977906
2931	0.0856545461495923
1600	0.009751834518086573
2930	0.016137313964665646
1609	0.0065555305095977906
1608	0.019606652533601554
2939	0.0065555305095977906
2938	0.014071418844143745
1606	0.020137541454058463
2937	0.025534795873939947
2936	0.029531373797800794
1605	0.02203268855068225
2935	0.008542078903660318
1603	0.04038002583368281
2934	0.00884598682512065
1613	0.014008349257696779
1612	0.01820842122480525
2943	0.007003729280308335
2942	0.0065555305095977906
1610	0.016780523156418425
2941	0.061082662630178676
2940	0.023682498089758815
1618	0.016286267813414714
2949	0.0065555305095977906
2948	0.0065555305095977906
1617	0.007484230665124143
2947	0.00884598682512065
1615	0.00752071531409125
2945	0.02285423878517908
1614	0.012827947213383959
1624	0.024973805116719643
2955	0.03444903794909083
1623	0.010792373188824837
2954	0.025400434658787076
1622	0.0065555305095977906
2952	0.011270449347175884
1621	0.007484230665124143
1620	0.012127731442755911
2950	0.030865344082104233
1629	0.029522707231804123
1628	0.059906192014895214
2959	0.012428945182130374
1627	0.059175675051424834
2958	0.019173714832495768
2957	0.0065555305095977906
1626	0.006688201960387269
2956	0.013109195302628269
1625	0.01615055032159835
2966	0.08697474888491338
1635	0.012033421177448269
2965	0.012390863153488377
2964	0.02954224376324273
2963	0.009679663059002782
1632	0.00945301210594584
2962	0.013056431598282266
2961	0.012127731442755911
2960	0.012127731442755911
1639	0.007365574229880369
2969	0.016247794318676415
1637	0.014495916839348113
2968	0.03383230793560486
2967	0.01347858831320077
1636	0.006732199450717772
2976	0.014913831909334973
1645	0.0065555305095977906
2975	0.0065555305095977906
2974	0.010702036045311124
2973	0.006988083265171498
2972	0.020446120541094032
2971	0.02011493753340168
1640	0.0065555305095977906
2970	0.08082470704476308
1649	0.009341630976176851
1648	0.009341630976176851
2979	0.0065555305095977906
1647	0.014495916839348113
2978	0.009341630976176851
2991	0.0065555305095977906
1660	0.0065555305095977906
2990	0.0065555305095977906
1657	0.01407158111924501
2988	0.0065555305095977906
1656	0.009123931411672241
2987	0.007165267306847291
2986	0.007252055626242555
2984	0.009132673441183422
2983	0.009132673441183422
1652	0.01641362333523762
1651	0.009057659118815441
1659	0.026527237445813718
2989	0.0065555305095977906
1671	0.007699821772657047
2999	0.012390863153488377
1668	0.006903793067920173
2998	0.0065555305095977906
2997	0.0071746639466153585
1666	0.007669970696229414
1665	0.009557222083709755
2996	0.0071746639466153585
1664	0.006903793067920173
1662	0.0075465418721509595
1682	0.04927941886015021
1681	0.007733903317354232
1680	0.015363823793904156
1679	0.007956066628989442
4705	0.007924653451834915
1678	0.007956066628989442
4706	0.009341630976176851
1677	0.009491092308216643
4707	0.013831215454760659
4708	0.009823225833085614
1676	0.014679169280751081
1675	0.007733903317354232
4709	0.007091838159314079
1674	0.006848804242921901
1673	0.01716555373301517
1672	0.009341630976176851
4700	0.008851494144884271
4702	0.007365574229880369
4703	0.0065555305095977906
1693	0.006930183149979384
1692	0.008346410418839257
4717	0.0065555305095977906
1689	0.006848804242921901
1688	0.006848804242921901
1687	0.006903793067920173
4719	0.01398513175380862
1686	0.006903793067920173
1685	0.006848804242921901
1683	0.006903793067920173
4710	0.010667536696244756
4711	0.00928726293791002
4712	0.009677210156076288
4713	0.036844914696310994
4728	0.0065555305095977906
4729	0.0065555305095977906
1699	0.0065555305095977906
1698	0.056854854303308895
1697	0.012240502175926968
1696	0.0065555305095977906
1695	0.007917518143655456
1694	0.0065555305095977906
4726	0.00794858074288732
4740	0.016102194969527677
3403	0.00752071531409125
3402	0.010762190377092406
4730	0.03837322099734752
800	0.009552578582932122
4731	0.0065555305095977906
802	0.031001738595479073
4732	0.011652710311102822
803	0.008345302200250907
4733	0.02055301315130098
4734	0.040267608239953075
804	0.008345302200250907
805	0.0065555305095977906
806	0.024506554029108767
3408	0.009164038372848016
4736	0.028297084561576546
807	0.023276645558051787
4737	0.014594452194558757
808	0.009341630976176851
809	0.024506554029108767
4750	0.014058506259033477
3412	0.015541429143203679
3410	0.0065555305095977906
4741	0.10404298948059308
811	0.00854104194068037
4742	0.034517457610940334
812	0.013631455726467418
4743	0.040604110365470784
813	0.021560279185482277
4744	0.00945301210594584
814	0.007986122892875315
4745	0.030935192645084642
815	0.01271629516632074
816	0.013968922145481804
4746	0.014058506259033477
817	0.020110510752575306
4747	0.04286100742122818
4748	0.014058506259033477
818	0.0065555305095977906
819	0.0065555305095977906
4760	0.006732199450717772
4761	0.006732199450717772
4762	0.0065555305095977906
3431	0.007644832947658776
2100	0.011627973664850936
3430	0.015297082798978859
820	0.0065555305095977906
821	0.0065555305095977906
3421	0.018148187203962808
822	0.007669970696229414
4753	0.0065555305095977906
823	0.0065555305095977906
4755	0.0065555305095977906
825	0.012127731442755911
4756	0.0065555305095977906
826	0.0065555305095977906
827	0.0065555305095977906
4758	0.006732199450717772
828	0.012127731442755911
4759	0.006732199450717772
829	0.01769993237591403
4770	0.018000269575818004
4771	0.006732199450717772
3442	0.042712325778388696
2111	0.0077984621381080935
3441	0.0596678976978307
2110	0.007071874307119269
3440	0.030796228924306498
3439	0.02637160142628589
2108	0.013874616883981635
2107	0.051999366155643
3438	0.01861895260434092
2106	0.01141834067582132
2105	0.011269865316738147
3436	0.014058506259033477
3435	0.008873271189570162
2104	0.012807599889175259
2103	0.007242341855754368
3434	0.0065555305095977906
2102	0.014891102422818544
3432	0.014913831909334973
2101	0.009415507540589419
4763	0.006732199450717772
4764	0.0065555305095977906
835	0.012634290422694676
4765	0.0065555305095977906
4766	0.0065555305095977906
836	0.010525723674472952
4767	0.012127731442755911
838	0.01796553556150606
4768	0.006732199450717772
4769	0.01795864069247046
839	0.007161622946054802
2109	0.01491833943124905
4780	0.012093509544606596
4781	0.0065555305095977906
4782	0.0065555305095977906
4783	0.006732199450717772
3453	0.0065555305095977906
2122	0.007250801594396744
2121	0.01761383714584408
2120	0.006912223380829296
3450	0.0065555305095977906
2119	0.0427123257783887
2118	0.013259471086416423
3448	0.00794858074288732
2117	0.0100874223979101
2116	0.039226220768097675
3447	0.015439218304239149
3446	0.01847162736368
840	0.006848804242921901
2115	0.017257889467691717
3445	0.017112660013188417
2114	0.03843610618647045
841	0.0065555305095977906
842	0.008328503533784464
3444	0.007698763988433011
2113	0.019547310444628093
2112	0.007071874307119269
843	0.03198404375904205
844	0.007062089489536554
845	0.0065555305095977906
4775	0.006732199450717772
846	0.006688201960387269
4776	0.006732199450717772
847	0.008412930820650498
849	0.018243461855084898
4790	0.008732287472836959
4792	0.007252055626242555
4794	0.006732199450717772
3464	0.008884504121845545
2133	0.013469846310992848
2132	0.007183676030862023
3463	0.017855586098413926
2131	0.012740066311284371
3461	0.009805981053940028
2130	0.007350879710156327
3460	0.007019880587360966
2129	0.009932182223838426
2128	0.020057403910662557
3459	0.009366097505303853
3458	0.008877280898413675
2127	0.01768147991864833
850	0.012515257708975366
851	0.011981219396516014
2126	0.009599546241629158
3457	0.01175446864791545
3456	0.020599605132346002
852	0.0073967624359063885
2125	0.017826080933051748
3455	0.011230721039788432
2124	0.012676801628673691
853	0.007351559214334664
2123	0.007160873947034168
854	0.012817394468348852
855	0.007351559214334664
856	0.011130457355273852
857	0.010383605617572176
4788	0.006732199450717772
859	0.009383521922157906
2144	0.020976908185221976
2143	0.00822134742661528
2142	0.007112751422125869
2141	0.014558711919098797
2140	0.007112751422125869
2139	0.013259471086416423
860	0.006688201960387269
2138	0.01705764678367641
861	0.01248235397165514
862	0.006688201960387269
2137	0.007097955394438047
863	0.01175625138054537
2136	0.007419637489300715
3467	0.011663381364992734
864	0.026820052730370348
3466	0.007019880587360966
2135	0.007071874307119269
3465	0.014844179397670496
2134	0.007182806405408911
865	0.009663501234555496
866	0.0065555305095977906
4797	0.03318742444447974
867	0.0065555305095977906
868	0.006688201960387269
869	0.007492673393810748
2155	0.0065555305095977906
2154	0.021258633689529897
3484	0.010225214988053077
2153	0.012602786343487285
2152	0.014891102422818544
2151	0.012807599889175259
2150	0.006901806543523325
3481	0.0065555305095977906
870	0.008412930820650498
871	0.006688201960387269
2149	0.006987918679195203
872	0.0065555305095977906
873	0.009542932614672765
2148	0.007017757995632166
874	0.01937683905164334
2147	0.011627973664850936
875	0.008982478302935498
2146	0.009415507540589419
2145	0.08015781859571491
876	0.01090137339087737
877	0.006688201960387269
878	0.05610441841892693
879	0.04502266292802353
2166	0.013259471086416423
2165	0.02906698750587932
2164	0.009799580970933532
3495	0.0065555305095977906
2163	0.01644991261874721
2162	0.04774529603274998
2161	0.09031028421753054
3492	0.0065555305095977906
3491	0.0065555305095977906
2160	0.01144958986353791
3490	0.0065555305095977906
880	0.006688201960387269
881	0.009229611434313733
882	0.08195482752441301
883	0.0065555305095977906
884	0.046009849536729895
2159	0.012451712361595261
2158	0.01968201723526869
885	0.0065555305095977906
2157	0.011092552487389072
886	0.018887466706552964
3487	0.0065555305095977906
887	0.0065555305095977906
2156	0.007243492380209732
888	0.053709255381787106
889	0.00794858074288732
2177	0.00709555067704131
2176	0.022213347557657307
2175	0.014558711919098797
2174	0.007385509618059329
2173	0.01768147991864833
2172	0.024768790142042366
2171	0.009645391999972297
2170	0.009599546241629158
890	0.0068829295609540075
891	0.009356365832084783
892	0.0065555305095977906
893	0.014383146106177058
895	0.01635332425779997
2169	0.006936684531761731
896	0.01296609097377704
897	0.006688201960387269
2168	0.012676801628673691
2167	0.014131614906144785
899	0.007366898775001248
2180	0.014558711919098797
2188	0.009415507540589419
2187	0.011627973664850936
2186	0.013514807188599686
2185	0.007071874307119269
2184	0.006912223380829296
2183	0.00709555067704131
2182	0.012601369218404778
2181	0.09890767849093787
2179	0.006936684531761731
2178	0.010165964467093233
2191	0.007242341855754368
2190	0.0076139121217900715
5220	0.0065555305095977906
2199	0.007645895138001444
2198	0.012602786343487285
2197	0.045743374032801924
2196	0.017080164662670014
2195	0.014891102422818544
2194	0.014228837256210578
2193	0.08551985322325309
2192	0.0065555305095977906
2189	0.009233321468508806
5232	0.008010494086589078
5228	0.007661859083022121
5244	0.007661859083022121
5245	0.00794858074288732
5255	0.0065555305095977906
5272	0.016564099368766707
5275	0.007669970696229414
5276	0.0065555305095977906
5277	0.0065555305095977906
5279	0.0065555305095977906
5283	0.015285311971545515
5284	0.010776924006696893
5285	0.008412930820650498
5281	0.009932690581409654
5282	0.010776924006696893
5296	0.0065555305095977906
5293	0.0065555305095977906
1700	0.012240502175926968
1709	0.008562951615004755
1704	0.012127731442755911
1702	0.016864102235940315
1712	0.0065555305095977906
1711	0.0065555305095977906
1710	0.0065555305095977906
1719	0.0065555305095977906
1718	0.0069841613506099525
1717	0.0065555305095977906
1716	0.0065555305095977906
1715	0.009341630976176851
1714	0.02108813764351078
1713	0.0065555305095977906
1722	0.007278522414804342
1720	0.03559230334319951
1729	0.007112750602913603
1727	0.006824346990979236
1726	0.00794858074288732
1725	0.00794858074288732
1724	0.006824346990979236
1734	0.00794858074288732
1733	0.006957603047519788
1731	0.0075148231408356
1730	0.007588671741867794
1738	0.013005901490185415
1737	0.014119901448821236
1736	0.007112750602913603
1735	0.0065555305095977906
1745	0.0065555305095977906
1742	0.0065555305095977906
1740	0.02089001741014706
1747	0.0065555305095977906
1746	0.012127731442755911
1756	0.009341630976176851
1755	0.012127731442755911
1753	0.009341630976176851
1751	0.012474368775806122
1750	0.0065555305095977906
1757	0.016864102235940315
1770	0.011475226713483095
1767	0.011475226713483095
1766	0.0065555305095977906
1762	0.0065555305095977906
1760	0.0065555305095977906
1768	0.020368426939221924
1776	0.007330993564811324
1775	0.0065555305095977906
4808	0.0065555305095977906
1772	0.008617244854866295
1771	0.10013464867325501
4800	0.006732199450717772
4801	0.006732199450717772
4802	0.007986122892875315
4803	0.006732199450717772
4815	0.03046786557490972
4816	0.007484230665124143
4818	0.006732199450717772
4819	0.00795479109181095
4812	0.006732199450717772
4813	0.015126478356325407
4826	0.0970306198864659
4827	0.008342338241604609
4828	0.020298099545428203
4829	0.017703356956430587
4820	0.006959328543459832
4821	0.00795479109181095
4822	0.007673173851858429
4823	0.010008359573155708
4824	0.007105158114699106
4825	0.00926165637883707
4838	0.007352871161029893
4839	0.017268297594438736
3503	0.008412930820650498
3502	0.007439114521474017
900	0.006688201960387269
4831	0.007807115918425068
901	0.0065555305095977906
902	0.03602828027586111
4832	0.00926165637883707
3509	0.0065555305095977906
4833	0.010300319095228168
4834	0.011341223562748587
905	0.0065555305095977906
4835	0.010553070709774962
906	0.008072053014759934
907	0.00996813831032558
908	0.0065555305095977906
909	0.019896488463519286
4850	0.008233163411336957
4848	0.008419989316171522
4849	0.007352871161029893
3515	0.0065555305095977906
3513	0.012127731442755911
3510	0.00794858074288732
910	0.00761551459365745
4840	0.010300319095228168
4842	0.009574542860892881
4843	0.00744952008733156
913	0.008440830466297565
914	0.007575978076093176
4844	0.02096100657466244
4845	0.06501832489736908
915	0.016033768397589746
3519	0.006984741746629711
916	0.037933127390649614
917	0.006688201960387269
4847	0.04295464980251124
918	0.8109880935037493
919	0.007812078107584561
4860	0.03188074824515221
4861	0.010553968122266656
4859	0.0341420939505637
920	0.009651097032580514
3520	0.0065555305095977906
921	0.0065555305095977906
4852	0.00843045554468364
922	0.007492673393810748
4853	0.010047057406430021
923	0.006688201960387269
4854	0.024412245149135908
924	0.018300193447859565
925	0.0065555305095977906
4855	0.006959328543459832
926	0.0071917893893890545
4856	0.014634818469444005
4857	0.03524506904122708
4858	0.008235921934633779
928	0.0065555305095977906
4871	0.009939854167720325
2210	0.08551985322325309
2207	0.007071874307119269
2206	0.012642273364576831
2205	0.020663079939436547
2204	0.009415507540589419
2203	0.007125459635884746
2202	0.0201317663942218
930	0.017970206221016406
2201	0.01738160711722271
2200	0.011643062743910748
932	0.01527365782972683
4862	0.007352871161029893
933	0.009341630976176851
4863	0.0065555305095977906
4864	0.020641337253309473
4865	0.011605500847382171
935	0.008678454637844168
936	0.012634290422694676
4866	0.008342338241604609
937	0.008345388319479537
4867	0.007105158114699106
938	0.03467066786030988
2209	0.006901806543523325
4868	0.007352871161029893
2208	0.00799746423295241
4869	0.00788435969395342
939	0.007442027244986982
4880	0.013838517617943436
4881	0.03701538155620014
4882	0.043973863845347315
4883	0.010008359573155708
2221	0.007112751422125869
2220	0.014558711919098797
2218	0.014068067766426055
2217	0.009599546241629158
2216	0.007242341855754368
2215	0.0065555305095977906
2214	0.07501311923970037
2213	0.017826080933051748
940	0.012818049430810169
2212	0.025083011851269314
941	0.009895362763625038
942	0.007976773426180086
2211	0.026892660505499624
4873	0.027600339271146863
943	0.014611105615141935
944	0.012851620187557897
4874	0.0065555305095977906
945	0.01029772916828551
4875	0.020641337253309473
946	0.021322702264158958
947	0.008345388319479537
948	0.013539746971052376
4878	0.010008359573155708
4879	0.010133270704991195
949	0.011862388541176954
2219	0.018700707228326483
4890	0.007759567919542028
4891	0.00700592756363982
4892	0.035262861855335094
4893	0.007723693615494334
4894	0.00926165637883707
2232	0.009415507540589419
2231	0.006984741746629711
2230	0.007071874307119269
2229	0.011627973664850936
2228	0.03562273184023602
2227	0.014558711919098797
2226	0.007017757995632166
2225	0.007071874307119269
3556	0.0065555305095977906
950	0.09692349336248293
2224	0.012764903939093103
951	0.01154494380563969
3555	0.007669970696229414
2223	0.0427123257783887
953	0.006688201960387269
2222	0.0138119419194868
954	0.10537874605664503
4884	0.028518505599300976
955	0.16507500090322444
4885	0.00926165637883707
4886	0.01028465101784323
957	0.01756062735258508
4888	0.03170427822588531
958	0.014078001769361255
959	0.0065555305095977906
4889	0.02064133725330947
2243	0.007112751422125869
2242	0.029362410569340976
2241	0.024119148458118852
2240	0.015110372623227147
3570	0.0065555305095977906
2239	0.007192246104995391
2238	0.0065555305095977906
2237	0.009076685919378671
961	0.008906844721500027
2236	0.014228837256210578
962	0.0065555305095977906
2235	0.009868180755381014
3565	0.012127731442755911
2234	0.01144958986353791
963	0.007482240593362301
2233	0.05724104765210916
964	0.0065555305095977906
3564	0.013075005601392792
965	0.007367669319073387
966	0.009341630976176851
4896	0.015000130832911135
967	0.01106925766023364
4897	0.007935820214461991
4898	0.008822840688775918
968	0.011997957815759993
969	0.02239278276301151
4899	0.010300319095228168
3585	0.007757321973287167
2254	0.037429981720372894
2253	0.0354632897687208
3584	0.0065555305095977906
2252	0.007071874307119269
2251	0.0072478904123437
3581	0.0065555305095977906
2250	0.012719777791903962
2249	0.03843610618647045
970	0.0065555305095977906
2248	0.07924344462339761
2247	0.020701517242092016
3578	0.007669970696229414
2246	0.013175034271166416
2245	0.014469843838502751
3575	0.0065555305095977906
2244	0.012319720135401453
976	0.0065555305095977906
977	0.0065555305095977906
978	0.0065555305095977906
979	0.0065555305095977906
2265	0.012977438874469328
3596	0.008080146598253554
2264	0.007369400137678153
2263	0.021337252050311957
3593	0.012127731442755911
2262	0.014558711919098797
2261	0.017080164662670014
2260	0.013671920570923191
3590	0.0065555305095977906
980	0.007365574229880369
981	0.01418271405813831
2259	0.00794858074288732
982	0.007112750602913603
2258	0.9798141092198445
983	0.007112750602913603
984	0.0065555305095977906
2257	0.010680498886675781
2256	0.014068067766426055
3587	0.020197756446057293
985	0.010759321881639857
2255	0.017826080933051748
3586	0.0065555305095977906
986	0.010759321881639857
987	0.009341630976176851
988	0.009132673441183422
989	0.012127731442755911
2276	0.007112751422125869
2274	0.007071874307119269
2273	0.009415507540589419
2272	0.011627973664850936
2271	0.02858180057269414
2270	0.010165964467093233
990	0.009341630976176851
991	0.0065555305095977906
994	0.007492673393810748
2269	0.007252055626242555
2268	0.014496885581781025
3599	0.03841458934492934
2267	0.012601369218404778
996	0.017738207665110826
3598	0.014377507569518505
2266	0.007017757995632166
3597	0.0065555305095977906
5310	0.008539920472351819
5311	0.0065555305095977906
5312	0.0065555305095977906
2287	0.008108134659403514
2286	0.007017757995632166
2285	0.017826080933051748
2284	0.009076685919378671
2283	0.008157517356373078
2282	0.014760928407649736
2281	0.019102319656100066
2280	0.020129040267363195
2279	0.007252055626242555
2278	0.00794858074288732
2277	0.014410548520433008
5303	0.009381432411413695
5307	0.013667622293571139
5308	0.007131953330737682
5309	0.009236445588996584
2290	0.03112501575959259
5321	0.0065555305095977906
2298	0.012612171200099824
2297	0.18580443859062687
2296	0.007071874307119269
2295	0.09220669064283327
2294	0.008068224304287169
2293	0.020803490354539877
2292	0.007112751422125869
2291	0.006872474564839869
2289	0.0065555305095977906
2288	0.045743374032801924
5317	0.0065555305095977906
5318	0.008917352969590063
5319	0.0065555305095977906
5331	0.010072200471264045
5332	0.012923453677334678
4001	0.007692524842863626
4002	0.009549925153916334
5333	0.0065555305095977906
5334	0.009341630976176851
2299	0.01903263541946913
5324	0.0065555305095977906
5325	0.01288295968024394
5327	0.014495916839348113
5328	0.009409320643122603
5329	0.010072200471264045
5340	0.007390984820859185
5341	0.016549035113723555
4010	0.01451139517527355
4011	0.012602654218992045
4012	0.0065555305095977906
5344	0.007390984820859185
5335	0.007003729280308335
4006	0.012127731442755911
5337	0.0065555305095977906
4007	0.013082354140609067
5338	0.00976376254325608
4008	0.009202325952847899
5350	0.009637654150750876
5351	0.007003729280308335
4021	0.012986779086617788
4022	0.014176968589771181
5353	0.012047998322465026
5354	0.007003729280308335
4023	0.007844273986027816
4025	0.007019880587360966
5356	0.007604338843902589
4015	0.009069117734376235
5346	0.037471513794062654
5347	0.04331867736809883
5348	0.008917352969590063
4018	0.007320114525753995
5349	0.012127731442755911
5360	0.008135467930729001
5362	0.007191690116133342
4032	0.0065555305095977906
5364	0.01434993076007646
4033	0.009341630976176851
4034	0.0065555305095977906
4035	0.007062089489536554
5366	0.008575017697204375
4036	0.006688201960387269
5358	0.0122035220191929
5359	0.0068829295609540075
5372	0.02513970081233566
4042	0.01841245688004622
5373	0.011907639835954413
4043	0.01841245688004622
5374	0.01426922874604784
5375	0.016637917869576052
4044	0.012127731442755911
5376	0.028799781714159232
4046	0.010151674696459428
5377	0.009411010042387188
5378	0.0065555305095977906
4047	0.0065555305095977906
100	0.0195772801688582
101	0.013610253693851795
103	0.012127731442755911
104	0.007484230665124143
105	0.009126675586012314
106	0.009074629681463024
107	0.010068387063414648
4037	0.006688201960387269
5368	0.0065555305095977906
4038	0.012127731442755911
108	0.0065555305095977906
5369	0.0065555305095977906
5382	0.00750302578731932
5383	0.008412930820650498
5384	0.08912179144517939
5385	0.029469138352894123
5386	0.010466128121786286
5387	0.008676062531382965
4056	0.0065555305095977906
5388	0.023986728477670742
5389	0.007669970696229414
4058	0.012366727373030498
5380	0.03100165258558223
111	0.012127731442755911
114	0.0065555305095977906
116	0.0065555305095977906
117	0.018932298742551062
4048	0.0065555305095977906
118	0.014495916839348113
119	0.03136947832128221
5393	0.014034298232630603
5394	0.011163312050478545
4063	0.0065555305095977906
5395	0.014069289596460756
4064	0.01769993237591403
4065	0.0065555305095977906
5396	0.024056884940491925
5397	0.027399539489741217
4066	0.014913831909334973
5398	0.022722862382635604
5399	0.0065555305095977906
4068	0.0065555305095977906
4069	0.0065555305095977906
5390	0.01620840631157079
4060	0.011811389643135753
5391	0.030618482082450788
5392	0.012127731442755911
120	0.058394652847099104
121	0.022526441673288815
122	0.12280984903040827
123	0.03450654880497317
124	0.0065555305095977906
128	0.0065555305095977906
4074	0.010542639284448612
4075	0.009341630976176851
4076	0.0065555305095977906
4077	0.0065555305095977906
4078	0.009994363918771615
4079	0.021031223778157675
4071	0.0065555305095977906
4072	0.009341630976176851
132	0.012453658088751967
133	0.0065555305095977906
134	0.0065555305095977906
136	0.03190904475546724
138	0.0065555305095977906
4084	0.025440666314107928
4085	0.0065555305095977906
4080	0.007936551585236092
4081	0.011645202061465073
140	0.036976785501150744
141	0.006872474564839869
4082	0.008541812755312682
4083	0.04553765815688983
142	0.0065555305095977906
143	0.006872474564839869
144	0.015317935579768623
145	0.006872474564839869
146	0.022102709983786665
147	0.008279957843836498
149	0.018290799381398673
1806	0.008273625797321544
4098	0.0065555305095977906
150	0.007421035521728562
151	0.006808812370195887
152	0.008068406076791794
153	0.017223615597969737
154	0.013593494676858815
155	0.024570167818247696
158	0.00971340418868901
159	0.0065555305095977906
160	0.006941363210575557
161	0.007669970696229414
162	0.010566079371317042
163	0.030022194419142233
164	0.007478257045443272
165	0.008123264819760135
166	0.01842541633014488
167	0.0065555305095977906
168	0.1117165724286785
172	0.10867588137719728
173	0.0065555305095977906
174	0.038156409232177134
175	0.007484230665124143
176	0.0065555305095977906
177	0.01631799907004482
178	0.012127731442755911
179	0.0065555305095977906
1839	0.0065555305095977906
1838	0.0065555305095977906
1835	0.009341630976176851
180	0.008273625797321544
181	0.008273625797321544
182	0.015306207725044858
183	0.010746635969957672
184	0.01052450686780704
185	0.010270331131703204
186	0.007484230665124143
1844	0.03820982823610776
187	0.009341630976176851
188	0.0065555305095977906
1843	0.007391360649571508
1849	0.20691361201482714
1847	0.023807362415042655
1845	0.00885207261030508
190	0.02844631988986184
198	0.009381432411413695
1853	0.00701895320154965
1852	0.009778460903459631
1850	0.00794858074288732
1858	0.0194725093102476
1866	0.009732695523478361
1865	0.0065555305095977906
1862	0.009495316637118164
1860	0.0065555305095977906
1869	0.02209608630521935
1868	0.0065555305095977906
1880	0.0065555305095977906
1877	0.03951825805477588
4903	0.008235921934633779
1876	0.0065555305095977906
4904	0.00795479109181095
4905	0.008235921934633779
1875	0.00794858074288732
1874	0.023665183200689707
4907	0.006959328543459832
1872	0.015090691259261732
4908	0.010746743415719268
4909	0.006959328543459832
1870	0.022560903165828212
4900	0.007105158114699106
1879	0.00794858074288732
4901	0.010008359573155708
1878	0.009871330919012267
4902	0.0065555305095977906
1890	0.00905757389778192
4914	0.10069818300119464
1887	0.013368541186264514
4916	0.007105158114699106
1886	0.007018757982777363
4917	0.008728071758344374
1885	0.008412930820650498
4918	0.00700592756363982
4919	0.008769291607893649
1882	0.011493119669812904
4911	0.010058953997168447
4912	0.010809083328188966
4913	0.020298099545428203
1889	0.0065555305095977906
4925	0.0065555305095977906
1898	0.00752071531409125
4926	0.06653916504030159
1897	0.0065555305095977906
4927	0.010300319095228168
4928	0.007296484183065575
1895	0.0065555305095977906
4929	0.014076730524752787
1893	0.009381432411413695
1892	0.023272133309072157
4920	0.03368252123262747
4921	0.007105158114699106
4922	0.0198411061451943
4923	0.0065555305095977906
4924	0.007807115918425068
4936	0.020298099545428203
3604	0.0065555305095977906
4937	0.0065555305095977906
3602	0.0065555305095977906
4938	0.0065555305095977906
4939	0.0065555305095977906
4930	0.007896702520310557
4931	0.010008359573155708
3609	0.007326061419886062
3608	0.01769993237591403
4932	0.00788435969395342
4934	0.007352871161029893
3606	0.008412930820650498
4935	0.008017363689671906
3615	0.0065555305095977906
4947	0.026462218343305182
4948	0.012127731442755911
3613	0.007809275719558368
3612	0.0065555305095977906
4941	0.007062089489536554
4942	0.012127731442755911
3619	0.03119438881956612
3618	0.08252433069888276
3617	0.018413870620474917
4960	0.0065555305095977906
3623	0.007365574229880369
3620	0.0065555305095977906
4951	0.016864102235940315
4952	0.0065555305095977906
4954	0.012127731442755911
4956	0.011709816372769053
3628	0.006834169578135557
3627	0.006834169578135557
4957	0.011709816372769053
