3640	0.027360184343878383
2793	0.040652206480134734
2792	0.014789288834528857
1461	0.014789288834528857
1460	0.014789288834528857
2790	0.014789288834528857
3638	0.014789288834528857
2306	0.4924833181898111
3639	0.06172063206943376
2305	0.014789288834528857
1458	0.02212231121498275
1457	0.026417367180677172
2304	0.014789288834528857
2787	0.0966549037150581
2303	0.014789288834528857
1456	0.03602624543563622
2302	0.014789288834528857
2785	0.04621652760790267
1454	0.014789288834528857
2301	0.014789288834528857
1452	0.014789288834528857
2783	0.014789288834528857
3631	0.014789288834528857
3635	0.014789288834528857
2308	0.014789288834528857
3637	0.014789288834528857
2307	0.014789288834528857
3650	0.014789288834528857
1472	0.014789288834528857
1470	0.014789288834528857
2317	0.017932012711866237
3649	0.09853726930841364
2316	0.042878256467086526
2315	0.016486057368427266
1468	0.08176260532956307
2799	0.014789288834528857
2314	0.014789288834528857
2313	0.014789288834528857
1465	0.014789288834528857
1464	0.014789288834528857
6	0.03993107985322791
2311	0.014789288834528857
2310	0.01730346793639876
7	0.014789288834528857
2794	0.04498822255066243
1463	0.014789288834528857
8	0.014789288834528857
3641	0.02107473658920362
9	0.014789288834528857
3642	0.014789288834528857
3645	0.06487448642717003
3646	0.0543250226734146
3647	0.014789288834528857
2319	0.014789288834528857
3648	0.027782295296030563
2318	0.014789288834528857
3661	0.015211399786681035
3662	0.014789288834528857
2331	0.014789288834528857
1484	0.05564469923991482
1480	0.023169885840761874
4508	0.014789288834528857
2327	0.014789288834528857
1479	0.014789288834528857
4509	0.02107473658920362
2325	0.04088044435784025
2324	0.027360184343878383
2323	0.11393175141826548
1476	0.04873070670977258
2321	0.15243953439811775
1474	0.014789288834528857
3652	0.024191271100896524
3653	0.014789288834528857
4500	0.014789288834528857
3654	0.014789288834528857
3655	0.014789288834528857
4503	0.014789288834528857
3658	0.014789288834528857
3659	0.06931587531895339
4506	0.12409729819267051
2329	0.014789288834528857
3670	0.04412137835634442
3671	0.0801579454831464
3672	0.027360184343878383
4520	0.014789288834528857
1011	0.029056952877776793
1494	0.027360184343878383
1010	0.014789288834528857
2340	0.027360184343878383
1491	0.025591885532341135
2339	0.016486057368427266
4518	0.05099346790145551
4519	0.16773780313484588
2338	0.036639084980498185
1006	0.05669227386569396
1005	0.014789288834528857
1004	0.014789288834528857
1488	0.014789288834528857
1003	0.03225385438144659
1487	0.014789288834528857
1002	0.014789288834528857
1486	0.014789288834528857
2333	0.014789288834528857
2332	0.02536625047622969
4510	0.02107473658920362
3663	0.02107473658920362
4511	0.014789288834528857
3666	0.027360184343878383
4513	0.014789288834528857
3667	0.014789288834528857
4514	0.014789288834528857
4515	0.014789288834528857
3668	0.027782295296030563
3669	0.014789288834528857
4516	0.014789288834528857
1009	0.014789288834528857
3680	0.03261728471039302
3681	0.16564003494672314
3683	0.014789288834528857
3684	0.027360184343878383
2352	0.03541154361058082
1021	0.014789288834528857
2351	0.014789288834528857
2350	0.014789288834528857
4529	0.014789288834528857
2349	0.014789288834528857
1017	0.014789288834528857
2348	0.014789288834528857
2347	0.014789288834528857
1015	0.014789288834528857
1499	0.03238854254761819
2346	0.016486057368427266
1014	0.042586681529578
1498	0.014789288834528857
2345	0.014789288834528857
1497	0.13029542018688173
2344	0.014789288834528857
1013	0.039994574515268194
1012	0.051244885811642486
1496	0.01604637838546381
2343	0.05250197536257744
3674	0.0470310247392418
4522	0.06961057131031748
4523	0.014789288834528857
3677	0.014789288834528857
4524	0.018979587337645366
3679	0.014789288834528857
4527	0.014789288834528857
3691	0.014789288834528857
3692	0.014789288834528857
4540	0.014789288834528857
4541	0.014789288834528857
3694	0.014789288834528857
4542	0.014789288834528857
3695	0.03963891774961059
1032	0.014789288834528857
1031	0.014789288834528857
3208	0.014789288834528857
1029	0.014789288834528857
3206	0.014789288834528857
2358	0.02107473658920362
3205	0.02029743621687551
3204	0.03993107985322791
1025	0.032907091987378866
3203	0.014789288834528857
3202	0.018822451143778497
1024	0.025591885532341135
600	0.02107473658920362
2355	0.014789288834528857
601	0.13573888792283265
1023	0.014789288834528857
3201	0.014789288834528857
2354	0.014789288834528857
602	0.014789288834528857
3685	0.014789288834528857
4533	0.03993107985322791
3686	0.027360184343878383
603	0.014789288834528857
3687	0.014789288834528857
4535	0.014789288834528857
3688	0.014789288834528857
3689	0.04758099355797999
606	0.014789288834528857
607	0.014789288834528857
4537	0.014789288834528857
608	0.06507287087192697
4538	0.023169885840761874
609	0.014789288834528857
4539	0.014789288834528857
3209	0.014789288834528857
1044	0.014789288834528857
2374	0.14868253838920445
3221	0.0184462766190669
1043	0.014789288834528857
2372	0.03580901197927362
1041	0.014789288834528857
1040	0.014789288834528857
3218	0.014789288834528857
1039	0.014789288834528857
3217	0.014789288834528857
2369	0.014789288834528857
1038	0.014789288834528857
3215	0.027360184343878383
1037	0.014789288834528857
2367	0.014789288834528857
3214	0.014789288834528857
3213	0.014789288834528857
1035	0.017932012711866237
611	0.014789288834528857
1034	0.036017640358353024
3212	0.027360184343878383
3696	0.014789288834528857
4543	0.014789288834528857
4544	0.09639011430959399
4545	0.014789288834528857
3698	0.023037367650600816
3699	0.13155264657482404
616	0.014789288834528857
4547	0.08267657781643642
618	0.014789288834528857
619	0.017617740324132502
4560	0.014789288834528857
4563	0.08110076264634761
4564	0.014789288834528857
1055	0.019769989549573635
3232	0.03599818540101713
2383	0.040182497763414905
2382	1.0
1051	0.03993107985322791
3229	0.018979587337645366
3228	0.014789288834528857
1049	0.027360184343878383
3227	0.018979587337645366
620	0.017617740324132502
3226	0.015211399786681035
2379	0.014789288834528857
1048	0.016486057368427266
621	0.05878742311725221
2378	0.014789288834528857
3225	0.014789288834528857
1046	0.06222209294811141
2377	0.014789288834528857
1045	0.014789288834528857
624	0.03814653018916489
625	0.21046767373729258
4555	0.014789288834528857
4556	0.014789288834528857
627	0.014789288834528857
628	0.014789288834528857
629	0.05878742311725221
4559	0.018380973265771577
4571	0.027360184343878383
4573	0.03993107985322791
4574	0.03615981120042305
4575	0.014789288834528857
2397	0.014789288834528857
2396	0.0959199762240053
3242	0.16341825058775022
2395	0.014789288834528857
2394	0.014789288834528857
3240	0.10783486709623094
2393	0.02107473658920362
1060	0.027782295296030563
3239	0.04344045484958799
3238	0.02107473658920362
631	0.014789288834528857
1059	0.04582761552808218
2389	0.014789288834528857
2388	0.0762241017940311
1057	0.014789288834528857
3235	0.014789288834528857
1056	0.030839051853701557
3234	0.014789288834528857
635	0.02029743621687551
4566	0.014789288834528857
636	0.014789288834528857
4567	0.018979587337645366
4568	0.03821878174943888
4569	0.014789288834528857
639	0.02107473658920362
4580	0.02855232426801503
4581	0.016486057368427266
4582	0.027360184343878383
4583	0.014789288834528857
4584	0.014789288834528857
4101	0.02406531272327308
4585	0.014789288834528857
4586	0.02107473658920362
3255	0.014789288834528857
1077	0.014789288834528857
3254	0.014789288834528857
1075	0.014789288834528857
1074	0.018979587337645366
3252	0.03050290822121577
1073	0.014789288834528857
3251	0.014789288834528857
3250	0.014789288834528857
1071	0.014789288834528857
3248	0.02297804873741607
642	0.014789288834528857
3247	0.02408067715111784
643	0.014789288834528857
2399	0.056901788790849776
2398	0.19636440841090855
645	0.056692273865693935
4576	0.014789288834528857
4577	0.021897082670440236
647	0.014789288834528857
4578	0.03993107985322791
4579	0.07701522160580902
649	0.05665771435914049
4590	0.014789288834528857
1080	0.014789288834528857
4594	0.014789288834528857
4595	0.08644339323782117
4111	0.027360184343878383
4113	0.026180091527938196
1088	0.014789288834528857
1087	0.019712889575690756
1086	0.014789288834528857
3264	0.014789288834528857
1085	0.4793324444648549
3263	0.1222704454394673
1083	0.019769989549573635
3261	0.014789288834528857
1081	0.014789288834528857
650	0.014789288834528857
651	0.027360184343878383
652	0.3805026934938162
653	0.014789288834528857
3259	0.014789288834528857
3258	0.014789288834528857
654	0.014789288834528857
3257	0.017932012711866237
655	0.019267670359734625
3256	0.014789288834528857
656	0.016068826413159074
1078	0.027360184343878383
4587	0.014789288834528857
4103	0.014789288834528857
658	0.014789288834528857
4105	0.014789288834528857
4106	0.2085687827904904
1091	0.07887631805175685
1090	0.11556596783448092
4120	0.014789288834528857
4121	0.014789288834528857
4124	0.014789288834528857
1099	0.014789288834528857
3276	0.03802974247126415
1098	0.014789288834528857
1097	0.027360184343878383
1096	0.014789288834528857
3273	0.014789288834528857
1095	0.014789288834528857
1094	0.014789288834528857
3272	0.014789288834528857
1093	0.014789288834528857
3271	0.19426993149315064
3270	0.014789288834528857
661	0.015211399786681035
662	0.10288853421952328
664	0.014789288834528857
3269	0.037133181956304606
665	0.13647171625807109
3267	0.014789288834528857
668	0.023352694769738253
4598	0.014789288834528857
4115	0.014789288834528857
669	0.014789288834528857
4116	0.04260870440523359
4117	0.014789288834528857
3280	0.057975483630134286
4130	0.014789288834528857
4131	0.014789288834528857
4132	0.18627725507457196
4133	0.033645632098553147
4135	0.025250069740523285
3288	0.014789288834528857
3286	0.027360184343878383
3284	0.021254320810765753
3283	0.014789288834528857
671	0.014789288834528857
675	0.028198244044501684
677	0.016486057368427266
678	0.014789288834528857
3278	0.014789288834528857
4125	0.04346851421696886
679	0.014789288834528857
4126	0.016486057368427266
4129	0.02212231121498275
3291	0.014789288834528857
3290	0.014789288834528857
4141	0.014789288834528857
4142	0.018979587337645366
4143	0.3432686727109849
4145	0.014789288834528857
3299	0.014789288834528857
3297	0.027360184343878383
3295	0.016486057368427266
3294	0.014789288834528857
680	0.0286397219225086
3293	0.029056952877776793
3292	0.014789288834528857
683	0.014789288834528857
200	0.014789288834528857
685	0.07013868286162223
202	0.02107473658920362
203	0.014789288834528857
687	0.02107473658920362
688	0.014789288834528857
204	0.014789288834528857
3289	0.019769989549573635
689	0.014789288834528857
206	0.014789288834528857
207	0.3381914854222984
4137	0.014789288834528857
4138	0.014789288834528857
4150	0.027360184343878383
4151	0.014789288834528857
4152	0.016486057368427266
4153	0.014789288834528857
4154	0.014789288834528857
4156	0.014789288834528857
4157	0.014789288834528857
693	0.014789288834528857
210	0.09500989109118725
695	0.16866586990917595
212	0.2363314360922427
696	0.014789288834528857
213	0.014789288834528857
698	0.014789288834528857
214	0.014789288834528857
215	0.0243287070574046
216	0.023169885840761874
217	0.014789288834528857
4148	0.03506975719623034
218	0.0381796129671957
4149	0.08740025481467716
4162	0.014789288834528857
4163	0.03368780254556579
4164	0.06403453461097915
4165	0.014789288834528857
4168	0.07115587710357349
4160	0.029088682476413948
220	0.014789288834528857
221	0.027360184343878383
222	0.014789288834528857
223	0.03363238452277298
224	0.014789288834528857
4158	0.014789288834528857
229	0.014789288834528857
4172	0.014789288834528857
4173	0.07113006381885438
4174	0.018979587337645366
4175	0.014789288834528857
4177	0.01730346793639876
4178	0.014789288834528857
4179	0.014789288834528857
4170	0.014789288834528857
4171	0.048474735541724275
232	0.018979587337645366
233	0.09440496039374252
234	0.014789288834528857
238	0.031179044740615947
4169	0.027360184343878383
4186	0.014789288834528857
4187	0.06758704997379689
4188	0.014789288834528857
1909	0.06616047781376265
4189	0.027360184343878383
1908	0.014789288834528857
4180	0.014789288834528857
240	0.014789288834528857
4182	0.014789288834528857
243	0.014789288834528857
245	0.014789288834528857
248	0.014789288834528857
1905	0.014789288834528857
1904	0.014789288834528857
1903	0.014789288834528857
4195	0.014789288834528857
4196	0.014789288834528857
4198	0.014789288834528857
1919	0.014789288834528857
4190	0.031550482846994896
250	0.014789288834528857
4192	0.014789288834528857
1910	0.05878742311725221
253	0.058374315755337025
254	0.020791891440243255
257	0.02287394600897927
258	0.03306226397882239
259	0.02212231121498275
1917	0.014789288834528857
1911	0.014789288834528857
261	0.014789288834528857
262	0.027360184343878383
263	0.014789288834528857
1921	0.014789288834528857
266	0.014789288834528857
267	0.014789288834528857
269	0.014789288834528857
1929	0.014789288834528857
1927	0.016486057368427266
1926	0.014789288834528857
1925	0.027950581528520965
1924	0.014789288834528857
270	0.17847850397391882
271	0.014789288834528857
272	0.033645632098553147
273	0.014789288834528857
275	0.02107473658920362
1932	0.022541341065294398
1931	0.016581805416417586
277	0.014789288834528857
278	0.014789288834528857
1937	0.014789288834528857
1935	0.027360184343878383
280	0.1853257891333952
281	0.014789288834528857
282	0.023169885840761874
284	0.014789288834528857
285	0.014789288834528857
286	0.018979587337645366
287	0.014789288834528857
288	0.02877441008868021
289	0.015211399786681035
1949	0.19008535494592388
1948	0.014789288834528857
1947	0.014789288834528857
1946	0.027360184343878383
1945	0.01730346793639876
1944	0.014789288834528857
293	0.014789288834528857
295	0.014789288834528857
296	0.03701358452043304
297	0.063180252714686
1954	0.014789288834528857
2800	0.20083854237290188
1951	0.02107473658920362
2809	0.014789288834528857
2808	0.014789288834528857
2807	0.014789288834528857
1959	0.035718707002650216
2806	0.04621652760790267
1958	0.014789288834528857
2805	0.014789288834528857
1957	0.04621652760790267
2804	0.014789288834528857
2803	0.03498390868298598
1955	0.033645632098553147
2812	0.23959262148067467
1965	0.027360184343878383
2811	0.014789288834528857
1964	0.01730346793639876
2810	0.014789288834528857
2819	0.016486057368427266
2818	0.014789288834528857
2816	0.014789288834528857
1968	0.6919953089829546
2815	0.014789288834528857
2814	0.03993107985322791
2823	0.014789288834528857
1976	0.014789288834528857
1975	0.014789288834528857
1974	0.014789288834528857
2820	0.027360184343878383
1972	0.019440520172988182
1971	0.015836863460307982
1970	0.01730346793639876
2829	0.016486057368427266
2828	0.12426146078477257
2827	0.02295338708476752
1979	0.014789288834528857
2825	0.014789288834528857
1977	0.014789288834528857
2824	0.014789288834528857
1987	0.016486057368427266
1502	0.18617554738700673
2833	0.014789288834528857
1986	0.014789288834528857
1501	0.014789288834528857
2831	0.014789288834528857
1500	0.014789288834528857
2830	0.014789288834528857
1982	0.01730346793639876
1980	0.0628729641577908
2839	0.014789288834528857
2838	0.014789288834528857
1506	0.014789288834528857
2837	0.014789288834528857
1505	0.014789288834528857
1988	0.05464395369413331
1998	0.016068826413159074
1514	0.014789288834528857
1513	0.014789288834528857
1997	0.014789288834528857
1512	0.014789288834528857
2843	0.03241847325121189
1996	0.014789288834528857
1995	0.014789288834528857
2841	0.014789288834528857
1510	0.014789288834528857
1994	0.014789288834528857
1993	0.014789288834528857
2840	0.05930655454291609
1991	0.04197385037349721
2849	0.022410394237072005
1517	0.027360184343878383
1516	0.014789288834528857
2847	0.014789288834528857
2846	0.07417724671051648
1515	0.014789288834528857
1999	0.014789288834528857
2856	0.014789288834528857
1525	0.014789288834528857
1524	0.03361570139495946
3706	0.014789288834528857
2854	0.014789288834528857
3707	0.014789288834528857
2853	0.014789288834528857
1521	0.014789288834528857
1520	0.014789288834528857
2850	0.027360184343878383
3700	0.02688091895258443
1529	0.014789288834528857
3701	0.01604637838546381
1528	0.05250197536257744
2858	0.014789288834528857
3702	0.014789288834528857
1526	0.014789288834528857
2857	0.014789288834528857
3703	0.014789288834528857
3715	0.014789288834528857
1536	0.014789288834528857
2867	0.014789288834528857
1535	0.014789288834528857
2866	0.05023536059280684
2865	0.014789288834528857
1534	0.014789288834528857
2864	0.014789288834528857
1533	0.014789288834528857
2863	0.014789288834528857
3719	0.022541341065294398
2861	0.030353637225823422
2860	0.027360184343878383
3711	0.014789288834528857
1539	0.014789288834528857
2869	0.014789288834528857
3713	0.0197278549274876
1538	0.014789288834528857
2868	0.014789288834528857
1550	0.018979587337645366
2880	0.014789288834528857
3726	0.030967747515275555
2877	0.03270281493535193
1546	0.014789288834528857
1545	0.014789288834528857
2876	0.014789288834528857
2875	0.014789288834528857
2874	0.017932012711866237
1543	0.014789288834528857
2873	0.02107473658920362
1542	0.014789288834528857
2872	0.014789288834528857
2871	0.014789288834528857
3721	0.1704986812914215
3722	0.014789288834528857
1549	0.06608854111364643
3724	0.014789288834528857
1548	0.014789288834528857
3725	0.014789288834528857
2891	0.014789288834528857
2890	0.05229246043742161
2405	0.014789288834528857
1558	0.018380973265771577
3737	0.014789288834528857
2888	0.014789288834528857
1557	0.019769989549573635
3739	0.014789288834528857
2887	0.014789288834528857
2403	0.02107473658920362
2886	0.014789288834528857
1555	0.014789288834528857
2402	0.025591885532341135
2885	0.0299430793527488
2401	0.01775741694090305
2884	0.09853726930841364
2883	0.014789288834528857
1551	0.035977067626814914
2882	0.014789288834528857
3730	0.03804544552682548
3731	0.014789288834528857
3733	0.014789288834528857
2408	0.014789288834528857
3735	0.014789288834528857
3736	0.014789288834528857
3750	0.014789288834528857
1572	0.014789288834528857
1571	0.015211399786681035
1570	0.014789288834528857
2416	0.014789288834528857
1569	0.014789288834528857
3748	0.027360184343878383
3749	0.014789288834528857
1568	0.014789288834528857
2898	0.025591885532341135
2414	0.014789288834528857
1566	0.014789288834528857
2412	0.020603328007603013
2896	0.027360184343878383
1565	0.014789288834528857
1564	0.02460803303577891
2895	0.014789288834528857
2411	0.014789288834528857
1563	0.01801581868192857
2894	0.025055520167164304
2410	0.014789288834528857
1562	0.017617740324132502
2893	0.014789288834528857
3740	0.014789288834528857
3741	0.027360184343878383
3743	0.014789288834528857
3745	0.020603328007603013
2418	0.014789288834528857
3747	0.014789288834528857
3761	0.05061634103617501
1583	0.056692273865693935
2430	0.014789288834528857
3759	0.014789288834528857
4607	0.014789288834528857
2426	0.014789288834528857
1578	0.014789288834528857
2424	0.03993107985322791
1576	0.014789288834528857
1575	0.027360184343878383
1574	0.014789288834528857
1573	0.014789288834528857
2420	0.014789288834528857
3751	0.020673680403536124
3752	0.014789288834528857
4601	0.014789288834528857
4602	0.014789288834528857
4603	0.040965036008871906
3756	0.027360184343878383
4604	0.23219505115234584
4605	0.015211399786681035
3771	0.03993107985322791
3772	0.014789288834528857
2441	0.014789288834528857
1593	0.014789288834528857
1592	0.014789288834528857
1591	0.014789288834528857
1107	0.014789288834528857
2437	0.016581805416417586
1106	0.014789288834528857
2436	0.014789288834528857
1589	0.023169885840761874
1588	0.014789288834528857
1587	0.014789288834528857
1102	0.014789288834528857
1101	0.04412137835634442
2432	0.03993107985322791
2431	0.014789288834528857
3762	0.016486057368427266
4611	0.014789288834528857
3764	0.027360184343878383
4612	0.014789288834528857
3765	0.015211399786681035
3766	0.043249272480383294
4614	0.04412137835634442
1109	0.038988262690026705
3768	0.014789288834528857
2439	0.014789288834528857
1108	0.01918910226280119
4616	0.014789288834528857
3780	0.014789288834528857
3782	0.014789288834528857
3783	0.027360184343878383
4630	0.014789288834528857
2452	0.014789288834528857
2451	0.014789288834528857
2450	0.05250197536257744
1118	0.2557714850797847
2448	0.01604637838546381
2447	0.10915007209664367
1116	0.014789288834528857
2446	0.014789288834528857
1599	0.014789288834528857
2445	0.014789288834528857
3773	0.018979587337645366
4620	0.014789288834528857
4622	0.04562988581746636
3776	0.04328178055011978
4624	0.08267657781643642
3777	0.014789288834528857
3778	0.034523452017927614
4625	0.027360184343878383
3779	0.014789288834528857
4627	0.014789288834528857
1119	0.014789288834528857
3790	0.014789288834528857
4640	0.014789288834528857
3793	0.014789288834528857
3794	0.014789288834528857
2463	0.014789288834528857
3310	0.029762123307271952
1131	0.0686075622550767
2462	0.014789288834528857
2461	0.014789288834528857
2460	0.03993107985322791
4639	0.014789288834528857
3306	0.04244525895509782
2459	0.014789288834528857
1128	0.014789288834528857
1127	0.014789288834528857
3304	0.014789288834528857
1126	0.014789288834528857
1125	0.014789288834528857
1124	0.014789288834528857
3301	0.014789288834528857
2453	0.03238854254761819
3300	0.014789288834528857
701	0.014789288834528857
4631	0.02107473658920362
702	0.025334079783564663
4632	0.014789288834528857
3785	0.014789288834528857
3786	0.014789288834528857
4633	0.014789288834528857
703	0.014789288834528857
704	0.014789288834528857
3788	0.10236288689346282
705	0.017932012711866237
4636	0.021254320810765753
706	0.027360184343878383
707	0.44397009537965654
4637	0.014789288834528857
4638	0.029056952877776793
709	0.014789288834528857
4652	0.13165882794238956
1143	0.033645632098553147
2474	0.014789288834528857
3320	0.02945533359543664
1142	0.014789288834528857
1141	0.014789288834528857
2471	0.014789288834528857
1140	0.014789288834528857
3318	0.014789288834528857
3317	0.014789288834528857
3316	0.014789288834528857
1138	0.014789288834528857
1137	0.027402354790891023
3314	0.014789288834528857
2466	0.1874501021660172
1134	0.027360184343878383
3311	0.018979587337645366
711	0.05878742311725221
1133	0.014789288834528857
2464	0.02107473658920362
712	0.014789288834528857
4642	0.027360184343878383
3795	0.014789288834528857
3796	0.014789288834528857
3797	0.03242100261249091
4644	0.36209328013904957
4645	0.014789288834528857
715	0.014789288834528857
3798	0.014789288834528857
716	0.014789288834528857
717	0.014789288834528857
4647	0.17993942858860826
4648	0.014789288834528857
3319	0.031812376503439675
719	0.014789288834528857
2485	0.027360184343878383
1154	0.014789288834528857
2001	0.014789288834528857
3331	0.03050290822121577
2484	0.014789288834528857
2000	0.014789288834528857
1153	0.014789288834528857
3330	0.018979587337645366
2482	0.014789288834528857
2481	0.014789288834528857
1150	0.014789288834528857
3328	0.014789288834528857
2479	0.027360184343878383
3326	0.018979587337645366
1148	0.014789288834528857
3325	0.03675407171541049
1146	0.014789288834528857
720	0.019904754566211835
2477	0.026417367180677172
1145	0.1721128594836772
721	0.014789288834528857
3323	0.1854903233725123
2475	0.0257056425246698
3322	0.014789288834528857
1144	0.027360184343878383
4653	0.02107473658920362
723	0.014789288834528857
724	0.05407333730124614
725	0.031759997772150717
726	0.027360184343878383
727	0.014789288834528857
728	0.028552324268015034
3343	0.03993107985322791
1165	0.15749660043580793
2012	0.014789288834528857
2011	0.083351850863629
3342	0.016486057368427266
1164	0.014789288834528857
3341	0.05229246043742161
2010	0.014789288834528857
2494	0.014789288834528857
2493	0.062288861942204864
2491	0.014789288834528857
2490	0.01730346793639876
3339	0.03103331148114636
3338	0.019769989549573635
3337	0.014789288834528857
2006	0.014789288834528857
1159	0.018979587337645366
730	0.014789288834528857
1158	0.014789288834528857
2489	0.014789288834528857
3336	0.014789288834528857
2488	0.0201223960203135
1156	0.014789288834528857
3334	0.014789288834528857
2487	0.014789288834528857
733	0.014789288834528857
2002	0.014789288834528857
1155	0.014789288834528857
2486	0.014789288834528857
736	0.014789288834528857
737	0.014789288834528857
738	0.19803272770360408
4201	0.014789288834528857
3354	0.014789288834528857
2022	0.014789288834528857
1174	0.014789288834528857
2021	0.014789288834528857
3352	0.014789288834528857
2020	0.08422925788956619
1172	0.07701522160580902
1171	0.014789288834528857
3348	0.016486057368427266
2017	0.02107473658920362
2016	0.014789288834528857
741	0.014789288834528857
1169	0.014789288834528857
2499	0.03259805747277402
3346	0.014789288834528857
1168	0.014789288834528857
3345	0.014789288834528857
743	0.014789288834528857
1167	0.014789288834528857
2498	0.014789288834528857
744	0.014789288834528857
746	0.031550482846994896
747	0.014789288834528857
749	0.014789288834528857
4211	0.014789288834528857
4212	0.01730346793639876
3365	0.027360184343878383
1187	0.018881163821647395
2032	0.027360184343878383
3362	0.01730346793639876
1183	0.014789288834528857
3360	0.014789288834528857
2029	0.014789288834528857
750	0.014789288834528857
751	0.014789288834528857
3359	0.014789288834528857
2027	0.026260230986810303
3358	0.014789288834528857
3357	0.027360184343878383
1179	0.014789288834528857
754	0.027360184343878383
1177	0.1912231247127031
757	0.014789288834528857
758	0.014789288834528857
4206	0.014789288834528857
4208	0.014789288834528857
4209	0.017617740324132502
4220	0.014789288834528857
4221	0.014789288834528857
3376	0.014789288834528857
2045	0.02107473658920362
3375	0.014789288834528857
2044	0.027360184343878383
1197	0.014789288834528857
2043	0.027402354790891023
2042	0.015211399786681035
1194	0.12185141558915566
3372	0.014789288834528857
2041	0.014789288834528857
1193	0.05250197536257744
3371	0.01998338830941872
2040	0.014789288834528857
1192	0.014789288834528857
3370	0.027360184343878383
1191	0.014789288834528857
761	0.014789288834528857
762	0.018979587337645366
3369	0.014789288834528857
2037	0.014789288834528857
764	0.014789288834528857
2036	0.014789288834528857
3366	0.07668798094712617
2035	0.014789288834528857
4213	0.02107473658920362
767	0.014789288834528857
4214	0.014789288834528857
769	0.016486057368427266
4215	0.014789288834528857
4216	0.027360184343878383
4230	0.014789288834528857
4233	0.05720089262289445
4234	0.014789288834528857
3387	0.027360184343878383
3385	0.019894643773263436
2054	0.029056952877776793
3384	0.0430738037305653
2053	0.0776437663812765
2051	0.014789288834528857
2050	0.09051400933302627
3381	0.027360184343878383
771	0.015211399786681035
773	0.014789288834528857
2049	0.017932012711866237
775	0.014789288834528857
2048	0.018979587337645366
2047	0.014789288834528857
3378	0.014789288834528857
2046	0.053025762675467
777	0.01604637838546381
1199	0.014789288834528857
778	0.014789288834528857
779	0.014789288834528857
4225	0.02855232426801503
4226	0.08353069928872778
4227	0.016486057368427266
4228	0.14110140337165483
4229	0.05694395923786242
3390	0.014789288834528857
4240	0.0299430793527488
4242	0.026625735895934012
4243	0.014789288834528857
4244	0.027360184343878383
4245	0.014789288834528857
2067	0.04474992313181189
3398	0.014789288834528857
2066	0.014789288834528857
2065	0.04411090261008663
2064	0.014789288834528857
2062	0.019769989549573635
2060	0.026551534621047382
780	0.014789288834528857
3391	0.022855613453028136
781	0.014789288834528857
783	0.014789288834528857
784	0.014789288834528857
300	0.014789288834528857
785	0.03993107985322791
786	0.09826051118689418
2059	0.03821878174943888
302	0.014789288834528857
303	0.014789288834528857
3388	0.06894889698730974
4235	0.03241847325121189
305	0.014789288834528857
307	0.014789288834528857
4237	0.014789288834528857
4238	0.014789288834528857
309	0.014789288834528857
4239	0.014789288834528857
4250	0.02107473658920362
4252	0.025166611576322162
4254	0.02688091895258443
4256	0.014789288834528857
2078	0.02107473658920362
2077	0.014789288834528857
2076	0.05339833757957595
2075	0.02536625047622969
2074	0.014789288834528857
2073	0.07943960859689786
2072	0.014789288834528857
2071	0.10005362495709466
791	0.014789288834528857
792	0.0464832371868308
794	0.014789288834528857
310	0.014789288834528857
795	0.014789288834528857
312	0.014789288834528857
797	0.027782295296030563
2069	0.042026229104786164
3399	0.014789288834528857
2068	0.014789288834528857
799	0.014789288834528857
316	0.014789288834528857
4247	0.014789288834528857
317	0.02107473658920362
4248	0.014789288834528857
4249	0.014789288834528857
2081	0.014789288834528857
4260	0.03560826315995034
2080	0.027360184343878383
4261	0.014789288834528857
4263	0.02297804873741607
4266	0.014789288834528857
2088	0.0243287070574046
2087	0.0243287070574046
2084	0.014789288834528857
2083	0.014789288834528857
2082	0.014789288834528857
320	0.031221245107464306
321	0.014789288834528857
323	0.08424340663765256
324	0.02825561122638959
325	0.014789288834528857
2079	0.014789288834528857
4257	0.09138233093137726
4258	0.1374068890485419
329	0.014789288834528857
2092	0.027360184343878383
2091	0.12088640689292422
4273	0.027360184343878383
2090	0.014789288834528857
4276	0.014789288834528857
4277	0.027360184343878383
4278	0.014789288834528857
2098	0.014789288834528857
2097	0.014789288834528857
2096	0.036694878987351125
2095	0.02107473658920362
2094	0.014789288834528857
4270	0.015211399786681035
334	0.1206110872322332
335	0.014789288834528857
337	0.018979587337645366
4268	0.014789288834528857
339	0.020468283469543925
4269	0.014789288834528857
4282	0.014789288834528857
4285	0.0266812281639842
4286	0.017932012711866237
4287	0.15691791592332352
4288	0.11165258233178547
4280	0.014789288834528857
4281	0.24970869121113495
341	0.014789288834528857
343	0.014789288834528857
346	0.03993107985322791
348	0.06884413952473183
349	0.014789288834528857
4293	0.01942253863817223
4294	0.06329199400810245
4295	0.028428710462173094
4298	0.03242100261249091
351	0.03418438476323955
352	0.014789288834528857
354	0.07764376638127649
355	0.014789288834528857
356	0.014789288834528857
357	0.014789288834528857
358	0.014789288834528857
359	0.03418438476323955
10	0.033174223516952546
11	0.014789288834528857
14	0.03419197500260403
16	0.014789288834528857
18	0.02107473658920362
19	0.01942253863817223
360	0.014789288834528857
361	0.014789288834528857
362	0.014789288834528857
363	0.027330869887473484
364	0.014789288834528857
365	0.014789288834528857
367	0.014789288834528857
368	0.014789288834528857
369	0.014789288834528857
20	0.027360184343878383
24	0.018979587337645366
28	0.051767244613678716
29	0.06086049802134927
370	0.03993107985322791
371	0.014789288834528857
373	0.10927071611672576
376	0.02287394600897927
377	0.023588915691073523
378	0.08907950542700444
32	0.016486057368427266
33	0.23065101033405125
35	0.05250197536257744
37	0.027360184343878383
38	0.014789288834528857
39	0.014789288834528857
380	0.018979587337645366
381	0.019769989549573635
382	0.22636269813001025
383	0.014789288834528857
384	0.027360184343878383
385	0.05339833757957595
387	0.027360184343878383
389	0.014789288834528857
40	0.014789288834528857
41	0.014789288834528857
44	0.014789288834528857
45	0.014789288834528857
46	0.014789288834528857
47	0.029416732168286313
48	0.014789288834528857
390	0.014789288834528857
391	0.025591885532341135
392	0.06507287087192697
393	0.014789288834528857
398	0.027360184343878383
399	0.03418438476323955
2907	0.021591041226194763
50	0.014789288834528857
2905	0.015211399786681035
2903	0.06467996123512071
52	0.014789288834528857
2902	0.014789288834528857
54	0.031550482846994896
55	0.038988262690026705
56	0.014789288834528857
57	0.014789288834528857
59	0.02107473658920362
2911	0.014789288834528857
2918	0.11173246826045419
2917	0.014789288834528857
61	0.014789288834528857
2914	0.05574843633759749
64	0.06549374782499265
2912	0.015211399786681035
65	0.014789288834528857
66	0.148087386444019
2922	0.03921274296697936
2929	0.027360184343878383
70	0.016486057368427266
71	0.014789288834528857
2928	0.014789288834528857
72	0.01730346793639876
2927	0.014789288834528857
2925	0.01747806370736195
74	0.014789288834528857
75	0.014789288834528857
77	0.014789288834528857
78	0.014789288834528857
79	0.014789288834528857
1602	0.05253733100619749
2932	0.014789288834528857
2931	0.014789288834528857
80	0.014789288834528857
81	0.07814467523974729
1609	0.014789288834528857
1607	0.014789288834528857
2938	0.014789288834528857
84	0.014789288834528857
2935	0.04365396519015566
86	0.014789288834528857
1604	0.014789288834528857
2934	0.014789288834528857
1603	0.014789288834528857
88	0.014789288834528857
89	0.014789288834528857
2944	0.014789288834528857
1610	0.20189906982243935
2941	0.014789288834528857
90	0.027360184343878383
93	0.02107473658920362
94	0.027360184343878383
2949	0.014789288834528857
1617	0.014789288834528857
2948	0.014789288834528857
1616	0.038988262690026705
2947	0.018881163821647395
96	0.014789288834528857
97	0.027360184343878383
1615	0.014789288834528857
2945	0.018979587337645366
98	0.07701522160580902
1614	0.014789288834528857
1624	0.027360184343878383
2955	0.014789288834528857
3803	0.027360184343878383
3804	0.03993107985322791
2954	0.08644339323782117
1622	0.014789288834528857
2952	0.0801579454831464
1621	0.020395780409309436
2951	0.027360184343878383
3807	0.014789288834528857
2950	0.014789288834528857
3809	0.014789288834528857
2959	0.014789288834528857
1627	0.06173048403261893
2958	0.014789288834528857
3801	0.014789288834528857
1625	0.014789288834528857
3814	0.014789288834528857
1635	0.014789288834528857
2966	0.014789288834528857
1634	0.014789288834528857
2965	0.015654462231348795
3817	0.014789288834528857
1632	0.03270281493535193
2962	0.014789288834528857
3819	0.07547867642299891
2961	0.031179044740615947
1630	0.014789288834528857
2960	0.06500971900413044
1639	0.026417367180677172
3810	0.014789288834528857
2969	0.050227306021737445
1638	0.014789288834528857
3811	0.014789288834528857
3812	0.014789288834528857
2968	0.027360184343878383
2967	0.014789288834528857
2980	0.014789288834528857
2977	0.18029394825532424
2976	0.08375601513115578
3826	0.06318723654552454
1645	0.048286900423733264
1644	0.014789288834528857
3827	0.014789288834528857
2974	0.014789288834528857
2973	0.014789288834528857
3829	0.014789288834528857
1642	0.014789288834528857
1641	0.014789288834528857
2972	0.014789288834528857
1640	0.03092193807152742
2970	0.014789288834528857
3820	0.014789288834528857
3821	0.027360184343878383
1649	0.014789288834528857
3822	0.014789288834528857
2979	0.17576858504282764
3823	0.014789288834528857
3824	0.014789288834528857
2991	0.10979091531962366
2990	0.016486057368427266
2988	0.05274792945896096
3836	0.16875647642013542
1657	0.014789288834528857
2987	0.014789288834528857
2503	0.014789288834528857
3837	0.014789288834528857
2986	0.014789288834528857
3838	0.04412137835634442
2502	0.014789288834528857
1655	0.014789288834528857
2985	0.014789288834528857
2501	0.014789288834528857
3839	0.014789288834528857
2500	0.04668332031380844
1653	0.04116760359350326
2983	0.027360184343878383
1651	0.014789288834528857
2981	0.014789288834528857
1650	0.014789288834528857
3830	0.014789288834528857
3831	0.03466191564532182
2508	0.02107473658920362
3832	0.014789288834528857
3833	0.014789288834528857
1659	0.014789288834528857
3834	0.014789288834528857
2506	0.014789288834528857
1658	0.05367264000688562
1670	0.030847734201629846
3847	0.05250197536257744
2515	0.014789288834528857
1666	0.014789288834528857
2997	0.014789288834528857
2512	0.014789288834528857
2996	0.03270281493535193
2511	0.014789288834528857
1663	0.014789288834528857
2994	0.014789288834528857
2993	0.014789288834528857
1662	0.014789288834528857
2992	0.014789288834528857
1661	0.014789288834528857
3840	0.03270281493535193
3841	0.014789288834528857
3842	0.05114219730895049
2519	0.12298725283628355
3846	0.014789288834528857
1682	0.1856468642166543
3858	0.014789288834528857
1677	0.014789288834528857
1676	0.014789288834528857
2523	0.014789288834528857
1675	0.014789288834528857
1674	0.08422925788956619
2521	0.07888203044329382
1673	0.02526503509232013
1672	0.027360184343878383
3850	0.014789288834528857
3853	0.014789288834528857
3854	0.014789288834528857
3855	0.022066857961289484
3857	0.014789288834528857
2527	0.014789288834528857
3871	0.014789288834528857
1693	0.014789288834528857
2540	0.014789288834528857
1692	0.018979587337645366
1691	0.5060127732587917
1690	0.026417367180677172
3869	0.014789288834528857
2536	0.014789288834528857
1689	0.016486057368427266
1688	0.014789288834528857
2533	0.12205494437359281
1686	0.014789288834528857
1201	0.014789288834528857
1685	0.014789288834528857
2532	0.014789288834528857
2531	0.038988262690026705
1684	0.014789288834528857
1683	0.014789288834528857
3861	0.01836056596786679
3863	0.014789288834528857
3864	0.014789288834528857
3865	0.014789288834528857
3866	0.02787444825107905
1208	0.014789288834528857
3867	0.014789288834528857
2538	0.038988262690026705
1207	0.014789288834528857
3868	0.014789288834528857
3881	0.031550482846994896
1220	0.014789288834528857
2551	0.014789288834528857
2548	0.08455775891141873
1215	0.0323929957790383
2546	0.02107473658920362
1698	0.014789288834528857
1214	0.014789288834528857
1697	0.014789288834528857
2544	0.014789288834528857
1696	0.014789288834528857
1212	0.014789288834528857
2542	0.014789288834528857
1211	0.014789288834528857
2541	0.04684507238337016
1694	0.024301266436603335
3872	0.014789288834528857
3873	0.014789288834528857
3875	0.014789288834528857
3876	0.035564818353826994
3877	0.02107473658920362
1219	0.027360184343878383
3878	0.027360184343878383
2549	0.07764376638127649
3879	0.014789288834528857
1218	0.014789288834528857
3890	0.014789288834528857
3891	0.014789288834528857
3892	0.014789288834528857
2562	0.014789288834528857
2561	0.030031499639615156
1230	0.014789288834528857
3406	0.020791891440243255
1228	0.24242213351394537
2559	0.014789288834528857
1227	0.014789288834528857
3404	0.15252585603321597
2557	0.019769989549573635
1226	0.014789288834528857
2556	0.027360184343878383
1225	0.027360184343878383
1224	0.014789288834528857
3401	0.014789288834528857
2554	0.02150025556780096
1223	0.014789288834528857
1222	0.019769989549573635
2553	0.014789288834528857
2552	0.014789288834528857
1221	0.014789288834528857
801	0.014789288834528857
3885	0.03498390868298598
3886	0.014789288834528857
3887	0.014789288834528857
3409	0.014789288834528857
3408	0.014789288834528857
3407	0.038978739284337795
1229	0.027360184343878383
807	0.016585131050150217
808	0.014789288834528857
809	0.014789288834528857
3420	0.014789288834528857
2573	0.01604637838546381
1241	0.014789288834528857
2572	0.014789288834528857
2570	0.014789288834528857
1239	0.15504905548009623
1238	0.014789288834528857
3416	0.027782295296030563
2569	0.23003068532685478
2568	0.016581805416417586
3414	0.014789288834528857
1235	0.014789288834528857
3413	0.024636490316852656
3412	0.024191271100896524
2564	0.09594489509363785
3411	0.014789288834528857
1233	0.014789288834528857
1232	0.08651079131308642
811	0.014789288834528857
3895	0.014789288834528857
813	0.014789288834528857
3896	0.014789288834528857
3897	0.05061634103617501
814	0.03261728471039302
815	0.014789288834528857
3898	0.014789288834528857
3899	0.027360184343878383
817	0.014789288834528857
818	0.015211399786681035
3418	0.016581805416417586
819	0.014789288834528857
2584	0.02107473658920362
1253	0.014789288834528857
2100	0.014789288834528857
3431	0.01604637838546381
3430	0.027360184343878383
2581	0.014789288834528857
3428	0.018979587337645366
3427	0.014789288834528857
1249	0.014789288834528857
2577	0.04281558636085521
1245	0.014789288834528857
2576	0.04621652760790267
2575	0.014789288834528857
820	0.014789288834528857
1243	0.08738621040102237
822	0.014789288834528857
827	0.014789288834528857
828	0.014789288834528857
1264	0.014789288834528857
2595	0.014789288834528857
2111	0.014789288834528857
3442	0.02107473658920362
1263	0.3626207004939036
1262	0.014789288834528857
2593	0.027360184343878383
2592	0.014789288834528857
2108	0.014789288834528857
3439	0.014789288834528857
2107	0.06723873141072531
3438	0.020791891440243255
3437	0.014789288834528857
2589	0.014789288834528857
2105	0.014789288834528857
2588	0.1846265438171274
2104	0.014789288834528857
1257	0.019769989549573635
3435	0.05263725217746906
3434	0.014789288834528857
2103	0.037068582188286445
2102	0.014789288834528857
831	0.014789288834528857
2101	0.05669227386569396
832	0.02212231121498275
2585	0.044409461378433684
3432	0.014789288834528857
834	0.038988262690026705
835	0.014789288834528857
836	0.014789288834528857
837	0.016486057368427266
2109	0.022463793987336264
4300	0.014789288834528857
2122	0.014789288834528857
1274	0.027360184343878383
2121	0.014789288834528857
1273	0.014789288834528857
2120	0.014789288834528857
1272	0.014789288834528857
1270	0.06884413952473183
3448	0.027360184343878383
3447	0.014789288834528857
840	0.014789288834528857
2599	0.014789288834528857
1267	0.027360184343878383
3445	0.014789288834528857
2114	0.05941596789271968
842	0.014789288834528857
2597	0.014789288834528857
1266	0.17547229732833985
843	0.014789288834528857
2596	0.014789288834528857
2112	0.02869584199174677
1265	0.014789288834528857
3443	0.014789288834528857
844	0.014789288834528857
845	0.014789288834528857
846	0.014789288834528857
847	0.12973428475648033
4310	0.027360184343878383
4311	0.04504059890109997
1286	0.019769989549573635
3464	0.014789288834528857
1285	0.528072695554576
2132	0.027360184343878383
1284	0.027360184343878383
2131	0.10580314474692565
2130	0.014789288834528857
1282	0.014789288834528857
3460	0.014789288834528857
1280	0.014789288834528857
4309	0.12088640689292422
2128	0.014789288834528857
2127	0.014789288834528857
850	0.014789288834528857
3458	0.014789288834528857
1279	0.014789288834528857
3457	0.02107473658920362
851	0.018979587337645366
2126	0.03265043620406298
1278	0.02107473658920362
852	0.014789288834528857
1277	0.014789288834528857
853	0.05250197536257744
3455	0.014789288834528857
3454	0.07768505234664687
856	0.027360184343878383
4303	0.014789288834528857
857	0.03804544552682548
858	0.019769989549573635
4304	0.027360184343878383
4305	0.054716847428510455
4306	0.014789288834528857
4307	0.027360184343878383
4308	0.014789288834528857
4320	0.05185744487041787
4321	0.014789288834528857
1297	0.13120812766633788
2143	0.014789288834528857
3474	0.014789288834528857
3472	0.08267657781643642
2141	0.014789288834528857
1294	0.03993107985322791
1292	0.043911863431188594
1291	0.014789288834528857
1290	0.014789288834528857
2139	0.014789288834528857
3469	0.014789288834528857
861	0.027360184343878383
862	0.014789288834528857
863	0.02107473658920362
3467	0.014789288834528857
864	0.014789288834528857
3466	0.027360184343878383
1288	0.014789288834528857
2134	0.6272772643425117
865	0.014789288834528857
3465	0.014789288834528857
4312	0.014789288834528857
866	0.014789288834528857
867	0.014789288834528857
4314	0.019769989549573635
869	0.03993107985322791
4315	0.05250197536257744
4317	0.02107473658920362
4332	0.014789288834528857
4333	0.014789288834528857
2155	0.014789288834528857
3486	0.027360184343878383
3002	0.014789288834528857
2154	0.23922018444522367
3001	0.014789288834528857
3000	0.014789288834528857
3483	0.1820126352010486
2152	0.014789288834528857
2151	0.017932012711866237
2150	0.014789288834528857
871	0.0869312335844746
873	0.05374777978834639
3479	0.014789288834528857
2148	0.014789288834528857
2147	0.027360184343878383
2146	0.014789288834528857
875	0.014789288834528857
2145	0.014789288834528857
1298	0.014789288834528857
876	0.014789288834528857
877	0.19251318345973778
4324	0.014789288834528857
4325	0.014789288834528857
4326	0.01730346793639876
4328	0.014789288834528857
4340	0.10781836883513547
4342	0.014789288834528857
4344	0.014789288834528857
3013	0.015211399786681035
2166	0.01604637838546381
3012	0.014789288834528857
2165	0.014789288834528857
3496	0.027360184343878383
3495	0.07135831862660172
3011	0.027360184343878383
3494	0.014789288834528857
3010	0.01730346793639876
3493	0.014789288834528857
2162	0.03804544552682548
3492	0.03050290822121577
2161	0.014789288834528857
3491	0.014789288834528857
2160	0.014789288834528857
3490	0.018979587337645366
3008	0.033174223516952546
2159	0.07427424259745793
884	0.014789288834528857
3006	0.014789288834528857
3005	0.14510046055921155
402	0.24739220003605922
886	0.035718707002650216
2157	0.014789288834528857
2156	0.025055520167164304
3487	0.02107473658920362
403	0.014789288834528857
4334	0.8565633226702628
404	0.031550482846994896
889	0.02070138099257594
405	0.10379032709125383
4335	0.05250197536257744
407	0.014789288834528857
4338	0.01730346793639876
4339	0.08841855507598641
4351	0.028931546282547075
4353	0.014789288834528857
4355	0.014789288834528857
2177	0.014789288834528857
3023	0.027360184343878383
2175	0.08422925788956619
3022	0.014789288834528857
3021	0.014789288834528857
2173	0.03921274296697937
2172	0.014789288834528857
2170	0.027360184343878383
890	0.014789288834528857
891	0.014789288834528857
893	0.014789288834528857
3019	0.027045911956144645
410	0.014789288834528857
3018	0.05211437275103916
3017	0.13749357542101262
411	0.014789288834528857
412	0.06948363621674153
2169	0.014789288834528857
3016	0.014789288834528857
3499	0.014789288834528857
897	0.014789288834528857
2168	0.014789288834528857
3498	0.07250112730926987
3014	0.06507287087192697
898	0.014789288834528857
414	0.08387526404272364
899	0.06884413952473184
415	0.014789288834528857
4347	0.031179044740615947
418	0.027360184343878383
419	0.014789288834528857
4364	0.014789288834528857
4365	0.027360184343878383
4366	0.01604637838546381
2188	0.014789288834528857
3034	0.027360184343878383
3033	0.014789288834528857
2185	0.014789288834528857
2184	0.014789288834528857
2183	0.020032879974923538
2182	0.028826788819969165
2181	0.014789288834528857
420	0.027402354790891023
421	0.05061634103617501
3029	0.017620775909695838
3028	0.02987436344574829
3027	0.04574511902630207
423	0.027402354790891023
424	0.01730346793639876
2178	0.06747314898939163
3025	0.02825561122638959
428	0.014789288834528857
4359	0.03804544552682548
2190	0.014789288834528857
4371	0.014789288834528857
4372	0.12631619735091604
4375	0.02945533359543664
4376	0.014789288834528857
4377	0.06884413952473183
3045	0.014789288834528857
3043	0.06009569417133236
2195	0.014789288834528857
3041	0.031550482846994896
3040	0.014789288834528857
2193	0.014789288834528857
2192	0.014789288834528857
430	0.014789288834528857
431	0.03993107985322791
432	0.014789288834528857
3039	0.014789288834528857
435	0.014789288834528857
3037	0.027360184343878383
436	0.014789288834528857
3036	0.014789288834528857
4367	0.03993107985322791
437	0.014789288834528857
439	0.027360184343878383
4369	0.014789288834528857
4381	0.01665247513323602
4383	0.02150025556780096
4385	0.019904754566211835
4387	0.020027161963424495
4388	0.02825561122638959
3057	0.027360184343878383
3056	0.014789288834528857
3054	0.03993107985322791
3053	0.014789288834528857
3052	0.02107473658920362
441	0.027360184343878383
443	0.014789288834528857
444	0.027360184343878383
445	0.020043510476523772
3049	0.014789288834528857
3048	0.11822680738395988
448	0.017932012711866237
449	0.027360184343878383
4392	0.01604637838546381
3060	0.014789288834528857
4393	0.014789288834528857
4394	0.014789288834528857
4399	0.022263507848788354
3068	0.014789288834528857
3067	0.014789288834528857
3066	0.027360184343878383
3064	0.014789288834528857
3063	0.02107473658920362
3062	0.014789288834528857
4390	0.03443131306788749
3061	0.12954315291722487
450	0.014789288834528857
451	0.03615981120042305
453	0.014789288834528857
454	0.014789288834528857
455	0.03368780254556579
456	0.03997393517882797
457	0.014789288834528857
3059	0.06698713166003568
458	0.014789288834528857
3058	0.014789288834528857
4389	0.027360184343878383
459	0.018979587337645366
3071	0.014789288834528857
3070	0.014789288834528857
3078	0.014789288834528857
3077	0.027360184343878383
3076	0.014789288834528857
3075	0.014789288834528857
464	0.027360184343878383
465	0.07299238095896356
466	0.035740781350111404
468	0.014789288834528857
3082	0.03993107985322791
3080	0.014789288834528857
3089	0.027360184343878383
3088	0.023169885840761874
471	0.1404982439280241
3084	0.014789288834528857
473	0.014789288834528857
474	0.06507287087192697
476	0.3197603570779434
478	0.03498390868298598
479	0.014789288834528857
3093	0.014789288834528857
3091	0.04045486716611747
3090	0.07673914738996898
480	0.014789288834528857
481	0.01730346793639876
3096	0.014789288834528857
482	0.014789288834528857
3095	0.014789288834528857
483	0.05195461762060784
3094	0.014789288834528857
484	0.014789288834528857
485	0.10926150161189767
486	0.014789288834528857
488	0.014789288834528857
491	0.014789288834528857
493	0.018979587337645366
494	0.05250197536257744
497	0.014789288834528857
498	0.014789288834528857
1701	0.014789288834528857
1700	0.057530333566317246
1708	0.03993107985322791
1705	0.04530880419466506
1704	0.014789288834528857
1703	0.04276031702380089
1712	0.014789288834528857
1711	0.014789288834528857
1710	0.0378781010486823
1718	0.03993107985322791
1717	0.014789288834528857
1715	0.014789288834528857
1723	0.03475793187085363
1721	0.24327527163273788
1720	0.014789288834528857
3907	0.014789288834528857
3908	0.014789288834528857
3909	0.014789288834528857
1729	0.020791891440243255
1727	0.014789288834528857
1726	0.04382027878848474
3900	0.02880243759769203
1725	0.014789288834528857
1724	0.014789288834528857
3901	0.033645632098553147
3913	0.014789288834528857
1731	0.027360184343878383
3917	0.02214326270749833
3919	0.027360184343878383
1739	0.014789288834528857
3910	0.12097356675944246
3911	0.11563093616796896
1735	0.09300371617434172
3912	0.014789288834528857
3925	0.014789288834528857
1743	0.014789288834528857
3927	0.014789288834528857
3928	0.014789288834528857
1740	0.014789288834528857
3929	0.014789288834528857
1748	0.19750757485432607
3921	0.014789288834528857
1747	0.014789288834528857
1746	0.029088682476413948
2603	0.014789288834528857
3936	0.0827978335401098
1755	0.014789288834528857
2602	0.014789288834528857
3937	0.014789288834528857
2601	0.014789288834528857
3939	0.02212231121498275
1752	0.014789288834528857
1751	0.014789288834528857
1750	0.014789288834528857
2608	0.014789288834528857
3931	0.014789288834528857
2606	0.045466202282188374
3932	0.01730346793639876
3933	0.014789288834528857
3934	0.014789288834528857
2604	0.014789288834528857
3946	0.014789288834528857
1767	0.014789288834528857
2613	0.1142260779397748
3947	0.03993107985322791
2612	0.014789288834528857
1764	0.014789288834528857
2610	0.016654201904597193
1763	0.014789288834528857
1760	0.014789288834528857
3940	0.014789288834528857
2619	0.018668768492633978
1769	0.033645632098553147
3944	0.014789288834528857
1768	0.014789288834528857
3945	0.027360184343878383
1781	0.014789288834528857
2625	0.02107473658920362
3958	0.05250197536257744
1776	0.014789288834528857
1775	0.027360184343878383
1772	0.05061634103617501
1771	0.11619451260994838
3950	0.014789288834528857
3952	0.014789288834528857
3953	0.31730724700401053
2629	0.014789288834528857
3954	0.014789288834528857
2628	0.021057277012107304
2627	0.030302484846427474
1779	0.02868798518205343
3970	0.014789288834528857
1791	0.25179107995457317
1790	0.014789288834528857
1305	0.014789288834528857
3968	0.08530101310840903
1789	0.016486057368427266
1304	0.014789288834528857
3969	0.014789288834528857
2634	0.03238854254761819
1303	0.019440520172988182
1786	0.042995235633631855
1785	0.014789288834528857
1301	0.0787175303727001
1784	0.03771755466895662
2630	0.014789288834528857
1782	0.016486057368427266
3960	0.014789288834528857
3961	0.016486057368427266
3962	0.014789288834528857
3963	0.02212231121498275
3964	0.027360184343878383
1309	0.014789288834528857
1308	0.014789288834528857
3966	0.014789288834528857
2638	0.014789288834528857
3967	0.014789288834528857
2637	0.014789288834528857
3979	0.016486057368427266
1316	0.014789288834528857
2647	0.014789288834528857
1315	0.055114364585614146
1314	0.02070138099257594
2645	0.0257056425246698
1797	0.019267670359734625
1313	0.014789288834528857
2643	0.08707193801328864
1796	0.021390463941695387
1795	0.014789288834528857
1311	0.014789288834528857
1794	0.03012660757472302
1310	0.014789288834528857
2640	0.016654201904597193
1793	0.027360184343878383
3971	0.014789288834528857
3973	0.15176693962852206
3974	0.014789288834528857
1319	0.05030206864844127
1318	0.014789288834528857
3977	0.015211399786681035
2649	0.014789288834528857
2648	0.014789288834528857
3990	0.014789288834528857
2661	0.014789288834528857
1327	0.014789288834528857
3504	0.07099166750757904
2657	0.11505070078987299
1325	0.014789288834528857
3503	0.02295338708476752
2656	0.035740781350111404
3502	0.014789288834528857
1324	0.014789288834528857
2654	0.20082474651527468
3500	0.027360184343878383
2653	0.014789288834528857
1321	0.027360184343878383
2651	0.014789288834528857
3982	0.17648829904948313
3983	0.027360184343878383
901	0.05250197536257744
3984	0.014789288834528857
902	0.014789288834528857
903	0.027360184343878383
3507	0.014789288834528857
3988	0.014789288834528857
2659	0.014789288834528857
906	0.09649198639518614
1328	0.014789288834528857
907	0.01730346793639876
908	0.014789288834528857
909	0.08109123924065871
2672	0.15162984423408685
1340	0.014789288834528857
2670	0.014789288834528857
3516	0.020791891440243255
2669	0.014789288834528857
1338	0.018979587337645366
1337	0.02212231121498275
3513	0.014789288834528857
2666	0.014789288834528857
3512	0.014789288834528857
2665	0.014789288834528857
2664	0.014789288834528857
1333	0.014789288834528857
3511	0.014789288834528857
1332	0.014789288834528857
2662	0.014789288834528857
3993	0.238284102048049
911	0.014789288834528857
3996	0.014789288834528857
913	0.03177516889753477
3997	0.014789288834528857
3998	0.014789288834528857
3519	0.014789288834528857
916	0.020603328007603013
3517	0.014789288834528857
917	0.014789288834528857
918	0.03459112003722703
919	0.014789288834528857
3530	0.014789288834528857
2681	0.023588915691073527
1350	0.02825561122638959
2680	0.014789288834528857
1348	0.10216131941112713
2679	0.014789288834528857
3525	0.038988262690026705
2678	0.048301171764239814
1346	0.09209518305516454
3524	0.014789288834528857
1345	0.014789288834528857
3523	0.014789288834528857
2676	0.02526503509232013
2675	0.014789288834528857
3522	0.018668768492633978
1344	0.014789288834528857
2674	0.014789288834528857
920	0.023274643303339785
3520	0.014789288834528857
1342	0.027360184343878383
2673	0.02673163956841091
922	0.014789288834528857
924	0.014789288834528857
926	0.027360184343878383
3529	0.022263507848788354
928	0.014789288834528857
3541	0.014789288834528857
1363	0.014789288834528857
2693	0.014789288834528857
1362	0.027360184343878383
3540	0.03599818540101713
2690	0.03511223657464393
3538	0.014789288834528857
1359	0.014789288834528857
2206	0.014789288834528857
2205	0.014789288834528857
1358	0.014789288834528857
2689	0.014789288834528857
3535	0.014789288834528857
1357	0.029857078464422933
1356	0.014789288834528857
2203	0.025591885532341135
3534	0.014789288834528857
2687	0.014789288834528857
2202	0.014789288834528857
2686	0.13972840128934144
3533	0.027360184343878383
2685	0.014789288834528857
2200	0.07703361963517424
1353	0.014789288834528857
3531	0.027360184343878383
2684	0.014789288834528857
933	0.15038619003263934
934	0.027360184343878383
935	0.014789288834528857
937	0.16952420964658219
938	0.014789288834528857
3539	0.018979587337645366
2208	0.03867399030229296
1374	0.022314140469367815
2221	0.014789288834528857
2220	0.03477701269439461
3551	0.014789288834528857
1372	0.027360184343878383
3550	0.014789288834528857
3549	0.15631923872981673
2217	0.027360184343878383
2216	0.014789288834528857
2699	0.014789288834528857
1367	0.0776437663812765
2214	0.014789288834528857
1366	0.014789288834528857
3544	0.07376774026589372
2213	0.014789288834528857
1365	0.014789288834528857
941	0.014789288834528857
2211	0.014789288834528857
942	0.43977979687654
2695	0.014789288834528857
1364	0.014789288834528857
943	0.4926359321882261
946	0.06444215952166527
947	0.014789288834528857
948	0.014789288834528857
949	0.014789288834528857
4410	0.03993107985322791
1385	0.035740781350111404
2231	0.014789288834528857
1384	0.014789288834528857
3561	0.014789288834528857
1380	0.03650943923177684
4408	0.034240504832477724
3559	0.014789288834528857
4409	0.027360184343878383
2228	0.014789288834528857
2227	0.022785775144642858
3558	0.014789288834528857
1379	0.027360184343878383
3557	0.014789288834528857
2225	0.03993107985322791
1378	0.027360184343878383
3555	0.15822958250214395
951	0.014789288834528857
1377	0.014789288834528857
952	0.014789288834528857
953	0.03296667591865897
1375	0.014789288834528857
4401	0.031550482846994896
956	0.025575634679815364
4402	0.03050290822121577
957	0.014789288834528857
4403	0.02107473658920362
958	0.014789288834528857
959	0.014789288834528857
4407	0.18061004036090397
4420	0.018979587337645366
3574	0.014789288834528857
2242	0.014789288834528857
3573	0.014789288834528857
1395	0.014789288834528857
1394	0.02223349507502627
3571	0.014789288834528857
1392	0.02107473658920362
3570	0.023169885840761874
1391	0.014789288834528857
2239	0.014789288834528857
3569	0.18713822368080582
2238	0.02107473658920362
3568	0.13355842993046907
960	0.014789288834528857
2236	0.014789288834528857
1389	0.023589720418854238
3567	0.031550482846994896
2235	0.10437263295803093
2234	0.014789288834528857
3565	0.03804544552682548
1386	0.014789288834528857
964	0.030847734201629846
4411	0.014789288834528857
4413	0.06500971900413044
967	0.014789288834528857
4414	0.014789288834528857
969	0.3153497602822935
4415	0.044824749890796114
4416	0.027360184343878383
4418	0.014789288834528857
3101	0.03993107985322791
2254	0.0801579454831464
3100	0.014789288834528857
2253	0.027360184343878383
3583	0.02116452869998469
2251	0.02536625047622969
3581	0.014789288834528857
970	0.06318723654552454
2249	0.014789288834528857
971	0.014789288834528857
3579	0.014789288834528857
2247	0.014789288834528857
1399	0.014789288834528857
973	0.026417367180677172
1398	0.014789288834528857
3576	0.018979587337645366
974	0.014789288834528857
975	0.014789288834528857
3575	0.014789288834528857
1397	0.014789288834528857
4422	0.014789288834528857
976	0.014789288834528857
4423	0.014789288834528857
4424	0.014789288834528857
978	0.04621652760790267
4426	0.060857779769333674
4427	0.014789288834528857
4428	0.08600001216523238
4441	0.022242034029357503
4443	0.01787487227773283
3112	0.027360184343878383
3595	0.014789288834528857
3111	0.02295338708476752
3594	0.1395816161304674
3110	0.08941379108921788
2263	0.014789288834528857
2262	0.014789288834528857
2261	0.014789288834528857
3592	0.014789288834528857
3591	0.014789288834528857
2260	0.027360184343878383
3590	0.027360184343878383
3109	0.019258940571186465
3108	0.014789288834528857
980	0.014789288834528857
3107	0.014789288834528857
981	0.014789288834528857
3106	0.014789288834528857
3589	0.0288838234384838
2258	0.014789288834528857
983	0.056901788790849776
500	0.029141061207702903
3104	0.014789288834528857
3588	0.014789288834528857
984	0.020603328007603013
985	0.08428750336465746
3103	0.02107473658920362
2256	0.014789288834528857
502	0.014789288834528857
3586	0.07047348447447496
3102	0.014789288834528857
2255	0.05630202850907701
987	0.027782295296030563
4433	0.014789288834528857
989	0.07896429239566141
505	0.014789288834528857
4436	0.014789288834528857
506	0.015654462231348795
4437	0.027360184343878383
507	0.014789288834528857
4438	0.048474735541724275
4439	0.024312694523430014
4450	0.06275472244557669
4451	0.014789288834528857
4453	0.01688443808608711
4454	0.014789288834528857
3123	0.020791891440243255
2276	0.014789288834528857
3122	0.014789288834528857
3121	0.02536625047622969
2274	0.014789288834528857
3120	0.014789288834528857
2273	0.06527540196624426
2272	0.014789288834528857
2271	0.014789288834528857
3119	0.031550482846994896
3118	0.08733744798027895
992	0.014789288834528857
3117	0.014789288834528857
993	0.014789288834528857
3116	0.014789288834528857
994	0.025254559346062334
2268	0.014789288834528857
511	0.027360184343878383
995	0.033645632098553147
3598	0.014789288834528857
3114	0.03546868983332277
512	0.019904754566211835
2267	0.014789288834528857
4444	0.014789288834528857
999	0.014789288834528857
515	0.03413948870784902
4445	0.027360184343878383
516	0.014789288834528857
517	0.014789288834528857
4449	0.014789288834528857
4461	0.019904754566211835
4462	0.03511223657464393
4464	0.014789288834528857
4465	0.01730346793639876
3134	0.014789288834528857
3133	0.014789288834528857
2286	0.032271058993290073
3132	0.02555311811440939
2285	0.1625675509532606
2284	0.014789288834528857
3131	0.014789288834528857
2280	0.018979587337645366
3129	0.014789288834528857
520	0.014789288834528857
521	0.027360184343878383
3127	0.014789288834528857
3126	0.014789288834528857
2278	0.020791891440243255
523	0.014789288834528857
3124	0.08707193801328864
4456	0.04100363504174349
526	0.014789288834528857
4457	0.15711976132371966
527	0.08295496973397667
4459	0.05274792945896096
529	0.014789288834528857
2290	0.025591885532341135
4472	0.014789288834528857
4473	0.014789288834528857
4475	0.014789288834528857
3145	0.08428750336465747
2296	0.03092193807152742
3142	0.014789288834528857
2295	0.014789288834528857
2294	0.014789288834528857
2293	0.06531735012293584
2291	0.014789288834528857
3139	0.02107473658920362
531	0.014789288834528857
532	0.027360184343878383
3138	0.035564818353826994
3136	0.02107473658920362
4466	0.014789288834528857
536	0.014789288834528857
4467	0.15422002152304234
4468	0.08422925788956619
538	0.014789288834528857
4480	0.014789288834528857
4481	0.014789288834528857
4482	0.014789288834528857
4000	0.014789288834528857
4485	0.014789288834528857
4001	0.014789288834528857
4002	0.02913139874878608
4486	0.014789288834528857
4487	0.027360184343878383
3156	0.061301602219122106
3155	0.01730346793639876
3154	0.030413116110434697
3152	0.014789288834528857
3151	0.014789288834528857
540	0.03164406327030165
541	0.027360184343878383
3149	0.014789288834528857
543	0.014789288834528857
544	0.014789288834528857
3148	0.014789288834528857
3147	0.014789288834528857
545	0.014789288834528857
546	0.027360184343878383
4477	0.014789288834528857
549	0.014789288834528857
4492	0.014789288834528857
4493	0.028983925013836027
4494	0.014789288834528857
4010	0.014789288834528857
4011	0.027015787671347147
4495	0.014789288834528857
4496	0.03354193139108654
4012	0.16501149017125574
4497	0.09989520377339406
4013	0.02526503509232013
4014	0.026551534621047382
3165	0.014789288834528857
3162	0.02899440076009382
3161	0.014789288834528857
4490	0.027360184343878383
3160	0.014789288834528857
551	0.027360184343878383
554	0.014789288834528857
3159	0.07668798094712617
555	0.02107473658920362
3158	0.027360184343878383
4488	0.014789288834528857
558	0.047421238427548675
4004	0.014789288834528857
4005	0.014789288834528857
559	0.014789288834528857
4489	0.014789288834528857
4007	0.014789288834528857
4009	0.014789288834528857
3170	0.1256476793761132
4021	0.014789288834528857
4022	0.014789288834528857
4023	0.02107473658920362
4024	0.027360184343878383
4025	0.04412137835634442
3177	0.014789288834528857
3176	0.014789288834528857
3175	0.014789288834528857
3174	0.014789288834528857
3173	0.014789288834528857
3171	0.014789288834528857
560	0.04621652760790267
563	0.014789288834528857
564	0.02150025556780096
565	0.027360184343878383
3169	0.014789288834528857
567	0.014789288834528857
568	0.014789288834528857
3168	0.014789288834528857
4499	0.014789288834528857
4016	0.014789288834528857
3181	0.014789288834528857
4030	0.014789288834528857
3180	0.014789288834528857
4031	0.014789288834528857
4033	0.0913067584380008
4034	0.014789288834528857
4035	0.165330197017585
4036	0.0223532538029386
3188	0.014789288834528857
3187	0.014789288834528857
3186	0.028826788819969165
3185	0.014789288834528857
3184	0.027360184343878383
3183	0.014789288834528857
571	0.014789288834528857
572	0.014789288834528857
573	0.027266707355338975
575	0.014789288834528857
576	0.014789288834528857
579	0.017932012711866237
4027	0.1763163917453512
4028	0.02107473658920362
4029	0.014789288834528857
4040	0.014789288834528857
3191	0.031550482846994896
4041	0.014789288834528857
3190	0.014789288834528857
4044	0.0243287070574046
4046	0.17385677896321383
4047	0.05061634103617501
3199	0.014789288834528857
3198	0.014789288834528857
3197	0.014789288834528857
3196	0.10850977175069872
3194	0.014789288834528857
581	0.014789288834528857
3193	0.014789288834528857
583	0.03993107985322791
100	0.014789288834528857
102	0.014789288834528857
586	0.027360184343878383
103	0.014789288834528857
587	0.014789288834528857
588	0.014789288834528857
104	0.014789288834528857
105	0.014789288834528857
106	0.014789288834528857
107	0.15477673465034672
4037	0.014789288834528857
108	0.014789288834528857
4038	0.014789288834528857
4051	0.04146385819416909
4052	0.023169885840761874
4054	0.014789288834528857
4055	0.020603328007603013
4056	0.03993107985322791
590	0.014789288834528857
591	0.027360184343878383
592	0.019769989549573635
594	0.0267857642574095
595	0.03993107985322791
111	0.014789288834528857
596	0.014789288834528857
113	0.014789288834528857
597	0.014789288834528857
598	0.014789288834528857
599	0.0585090675738309
115	0.014789288834528857
116	0.020027161963424495
117	0.014789288834528857
4048	0.023169885840761874
4049	0.014789288834528857
4062	0.09427774855740241
4064	0.03301708732308567
4066	0.025575634679815364
4067	0.016581805416417586
4068	0.014789288834528857
4069	0.023575603006031707
4061	0.014789288834528857
120	0.014789288834528857
121	0.014789288834528857
122	0.014789288834528857
124	0.08518630368688625
125	0.015211399786681035
128	0.11863723215698835
129	0.027360184343878383
4059	0.014789288834528857
4073	0.04476658909176748
4074	0.014789288834528857
4076	0.014789288834528857
4078	0.014789288834528857
4079	0.014789288834528857
4070	0.014789288834528857
4071	0.014789288834528857
4072	0.014789288834528857
132	0.016486057368427266
133	0.027360184343878383
134	0.021493766439515272
136	0.023859374543178217
138	0.014789288834528857
4084	0.014789288834528857
4085	0.014789288834528857
4088	0.014789288834528857
140	0.014789288834528857
4082	0.03921274296697937
141	0.033645632098553147
4083	0.014789288834528857
142	0.014789288834528857
143	0.01942253863817223
1800	0.03993107985322791
144	0.014789288834528857
145	0.014789288834528857
146	0.020278579873611483
147	0.014789288834528857
149	0.014789288834528857
1808	0.02526503509232013
1807	0.014789288834528857
1806	0.23862218991156997
1805	0.014789288834528857
1804	0.014789288834528857
1803	0.014789288834528857
4095	0.014789288834528857
4096	0.014789288834528857
4097	0.10153390979514855
4098	0.03689960256675413
4090	0.02107473658920362
4091	0.014789288834528857
151	0.014789288834528857
4092	0.015932097517196996
152	0.04882655978803137
4093	0.022750855990450226
4094	0.014789288834528857
1811	0.4584844044353578
154	0.03368780254556579
155	0.014789288834528857
1810	0.05720089262289445
157	0.014789288834528857
158	0.014789288834528857
1818	0.3526094128747444
1817	0.014789288834528857
1815	0.04255001641767573
1814	0.09172619676760119
1812	0.014789288834528857
160	0.014789288834528857
163	0.23560292624365298
165	0.014789288834528857
1820	0.014789288834528857
167	0.031179044740615947
168	0.027360184343878383
169	0.02162371993519008
1829	0.014789288834528857
1828	0.036088939892207544
1827	0.014789288834528857
1826	0.014789288834528857
1824	0.05043285231275866
1823	0.01942253863817223
170	0.014789288834528857
172	0.014789288834528857
173	0.014789288834528857
174	0.10199724064393617
175	0.03511223657464393
1833	0.018979587337645366
176	0.014789288834528857
1832	0.019769989549573635
1831	0.03092193807152742
178	0.034064661948864795
1830	0.014789288834528857
1836	0.014789288834528857
180	0.014789288834528857
184	0.1217936268575571
188	0.014789288834528857
1843	0.014789288834528857
1842	0.014789288834528857
1840	0.014789288834528857
1848	0.03993107985322791
1847	0.014789288834528857
1846	0.014789288834528857
190	0.014789288834528857
191	0.08176260532956306
193	0.014789288834528857
195	0.014789288834528857
196	0.014789288834528857
197	0.014789288834528857
2702	0.014789288834528857
2701	0.028331571724146302
1854	0.014789288834528857
199	0.018979587337645366
1852	0.05941596789271968
2708	0.02107473658920362
2707	0.014789288834528857
1859	0.014789288834528857
1858	0.014789288834528857
2704	0.014789288834528857
1857	0.031211803538740777
2703	0.03092193807152742
1866	0.027360184343878383
2711	0.014789288834528857
1864	0.014789288834528857
2710	0.014789288834528857
1863	0.04705458730852598
1862	0.03413948870784902
1861	0.014789288834528857
2719	0.014789288834528857
2717	0.09901428874717069
2716	0.09503350516921
1868	0.04695317990230343
1867	0.014789288834528857
2714	0.21263303761347824
2724	0.014789288834528857
2723	0.027360184343878383
1876	0.014789288834528857
2722	0.018979587337645366
2721	0.04621652760790267
1873	0.014789288834528857
1872	0.014789288834528857
1871	0.014789288834528857
2729	0.014789288834528857
2728	0.014789288834528857
2727	0.06795867707229203
1879	0.15611122938690045
2726	0.014789288834528857
2725	0.014789288834528857
1878	0.014789288834528857
1891	0.014789288834528857
1888	0.014789288834528857
1404	0.023253650240402546
2735	0.014789288834528857
2734	0.014789288834528857
1403	0.014789288834528857
1887	0.014789288834528857
1886	0.014789288834528857
1402	0.014789288834528857
1885	0.014789288834528857
1401	0.014789288834528857
1400	0.014789288834528857
1883	0.014789288834528857
2730	0.014789288834528857
1882	0.02107473658920362
1881	0.014789288834528857
1409	0.014789288834528857
1408	0.014789288834528857
1407	0.1397766446410268
2737	0.014789288834528857
1406	0.014789288834528857
1405	0.014789288834528857
1889	0.06507287087192697
2746	0.014789288834528857
1899	0.014789288834528857
2745	0.08455775891141873
1898	0.014789288834528857
1414	0.018979587337645366
1413	0.05894455931111907
2744	0.015211399786681035
1896	0.08644339323782117
1411	0.9666954674467945
2742	0.014789288834528857
2741	0.014789288834528857
1410	0.014789288834528857
1894	0.014789288834528857
1892	0.014789288834528857
2749	0.09933808454059331
1418	0.014789288834528857
1417	0.08644339323782117
2760	0.014789288834528857
1426	0.014789288834528857
3603	0.014789288834528857
1425	0.014789288834528857
2756	0.014789288834528857
3602	0.014789288834528857
1424	0.014789288834528857
2755	0.014789288834528857
1423	0.027360184343878383
2754	0.014789288834528857
2753	0.12492267991166309
1422	0.014789288834528857
1421	0.027360184343878383
2752	0.014789288834528857
1420	0.018979587337645366
2751	0.027360184343878383
2750	0.07296818866322254
3609	0.020446191813736143
3608	0.014789288834528857
1429	0.014789288834528857
3607	0.02526503509232013
1428	0.014789288834528857
3606	0.0889088698951368
2759	0.04689152577068204
2758	0.02825561122638959
3605	0.03993107985322791
1427	0.0243287070574046
1440	0.02107473658920362
1437	0.014789288834528857
3614	0.014789288834528857
2767	0.014789288834528857
2766	0.014789288834528857
3613	0.041607199254474515
1434	0.014789288834528857
2765	0.021057277012107304
3612	0.014789288834528857
2764	0.027360184343878383
3611	0.015654462231348795
1432	0.22417214476074712
3610	0.014789288834528857
2763	0.014789288834528857
1431	0.12856884601790045
2762	0.014789288834528857
2761	0.014789288834528857
3616	0.014789288834528857
1438	0.014789288834528857
1451	0.014789288834528857
1450	0.06507287087192697
2781	0.023169885840761874
2779	0.03993107985322791
3626	0.014789288834528857
1448	0.014789288834528857
3625	0.014789288834528857
2778	0.014789288834528857
1447	0.014789288834528857
3624	0.027360184343878383
2777	0.014789288834528857
3623	0.13672697527521926
1445	0.02295338708476752
2775	0.056901788790849776
1444	0.014789288834528857
1443	0.014789288834528857
1442	0.014789288834528857
2772	0.014789288834528857
3627	0.014789288834528857
1449	0.027782295296030563
