263173	2
140289	69
99330	215
244742	10
305155	10
330754	3
339980	1
401418	67
417801	1
443410	3063
334864	135
259093	6
334876	8
28698	126
258072	86
103450	2
90140	8
296998	258
292903	10
111653	1505
217126	42
236582	136
372768	1
272418	556
425006	70
304174	103
298031	3
291893	50
124978	5
55349	147
283697	20
475198	3
178238	5
321592	209
317497	2143
339000	4
394296	12
294970	178
75843	183
113731	50
250944	1
463936	3
464974	2
26699	33
288847	280
239695	9
321608	2
261198	20
291924	2
364628	1960
250961	70
271446	1
125013	5
256087	1
298066	1286
372818	3
66646	3
267358	1
434269	17
272472	1
269401	3
43103	41
290916	24
462948	365
305255	1
458852	5
391265	85
23652	407
290913	6
338018	4
443498	3
409707	121
341109	37
102512	26
204914	23
285814	1
299127	168
151668	10
284793	2
409723	4
22655	17
317563	1
397447	5
88195	4873
383110	1
97413	186
318607	1
477324	1
374920	121
350347	1
437398	996
272532	63
425109	18
416915	507
201878	43
424083	123
285852	13
321693	365
228506	7
153755	1
285854	14
264356	1
309415	1324
324769	30
288931	19
91306	297
338089	2
159917	4
337077	1
272567	13
141492	5
213179	203
63675	153
373950	1
430267	15
301242	3790
457926	89
216258	11
411841	3
49352	701
117960	7
407759	403
365775	60
307407	11
289992	36
405704	1
266442	1
385237	13
378068	2
303313	231
303314	342
479440	10
316627	6
391389	1
433373	39
306392	14
318681	9
427227	6
424166	4
121057	7
42208	508
416998	1
154851	12
195808	20
386272	12
416992	11
372973	17
491756	274
265448	7
332008	12
100593	3
442614	963
262389	2089
362743	4
388342	361
283891	28
347389	9
46332	490
289028	12
401666	1
318734	18
364815	1
130317	1346
370952	47
318731	20
416022	190
331028	109
420116	19
339222	113
81172	136
278802	5
371987	273
416016	10
124182	1
337181	16
335132	25
400668	27
82204	2
60703	6
395558	15
296229	2
228641	220
403749	2
422178	2
45349	36
267554	3
331053	10
372013	6
102696	86
149803	1
149801	1
9517	362
298281	12
339248	1
394547	10
399665	26
311603	18
225594	2
153912	257
295230	2
264504	19
218431	9
398648	39
297280	365
43332	74
232773	306
218437	5542
239940	76
349517	1
356687	4
129354	302
466252	24
330057	3
88397	198
210255	1
287049	485
231757	7
429399	354
65875	12
290135	2
477523	17
259413	1243
41302	2
312659	-1
338271	3
424283	701
287078	353
476517	1
53603	19
43364	-1
267616	127
172388	90
6503	62
319854	1
262511	1056
24941	2
331115	49
320875	1
279924	267
342391	51
70005	26
340338	76
315772	9
383358	1
288121	76
93567	43
408966	55
414084	1
432515	11
8581	671
176516	1
431488	1
77193	42
465293	19
489869	15
201096	17
342410	2
125326	5
320916	14
430487	106
414100	9
202129	19
266646	1
313751	1305
335249	170
107924	99
408979	4
303506	1
378258	7
390546	74
245140	3
264606	1
215448	45
199064	365
295320	13
62878	69
90528	192
358823	3
265638	1
327079	22
287136	1
21926	12
279981	182
414122	3
395691	23
433591	868
260528	41
297392	3
373169	3
397747	1
294322	88
252340	27
304573	1
429498	1
70079	13
416198	3
394692	368
59845	5
347587	376
243147	5
347599	2
354766	6729
403917	2
403927	4
306646	5
403924	2
49619	-1
320983	240
386518	17
277968	58
360913	1274
387536	149
233941	32
26070	1
153044	1
255449	2
255448	193
458200	1
251356	69
326116	24
257505	22
377318	7
463332	78
394721	77
430574	5
332271	8
430573	10
412139	2
344552	40
468457	157
488951	196
393719	671
59891	201
340470	1
14837	1293
44535	170
202239	9
252415	4
478714	49
374264	2
161282	3
421383	4422
267776	126
330241	1
303617	8
17925	880
245254	15
383491	9
463360	8
286221	9
385550	12
35339	-1
408072	628
52750	378
396809	1246
321035	1
260626	81
396823	30
24082	283
476693	2338
252432	12
352785	9
397842	2
264722	1
407056	11
298520	14
311835	2
329252	303
277031	3
329248	6
331311	2
267829	7
408114	2
67124	40
296498	21
178744	318
27194	37
79419	482
410173	2
410170	19
331320	34
256574	10
297529	4
460359	1
52801	887
263751	900
31300	1
439874	1
45638	780
80455	249
264770	21
242244	3
154186	277
262732	70
266831	18
36427	2007
152142	1394
252493	1
306763	19
208460	380
279124	4
437847	1
349782	13
449107	1
260694	8
418384	2247
243284	8359
262748	2
297566	1
237144	15
13916	10
433754	4
303705	245
262746	3
276068	328
133731	57
13921	-1
434791	7721
19043	144
274023	389
38499	154
440930	52
436832	126
344674	8
250472	72
422506	67
64108	7780
62062	79
439912	1
298603	39
47729	854
388724	14
47731	833
398965	10
262768	20
28277	2195
465521	9990
211578	3456
297593	49
194175	53
216707	21
424581	4
421506	291
280193	591
288385	70
432771	3
324237	8
37513	31
395919	187
492173	853
247433	58
267918	58
287374	4
369295	5
432781	34
276111	214
125580	26
196242	467
334480	118
398995	12
416401	207
19097	66
217753	4
339614	32
234143	423
304792	131
32412	1642
424614	4
369319	2
167590	27
450208	443
297645	1
330415	21
438956	1
252591	33
1708	43
424616	26
331447	324
303794	1
297663	35
278201	3
266938	1
286406	53
434884	2
19145	262
312014	1980
393932	1
338638	114
67274	5
244431	7331
30412	170
332489	1
249549	1
24271	4273
185043	157
295638	1
395989	56
108247	44
266962	1
41688	21
262877	5
308957	360
309977	139
395992	39
333541	234
94951	884
392931	7
297709	33
150249	236
125677	3996
326377	75
460521	16
120561	3
120560	80
58098	663
391927	1
338673	3
84724	1
308978	3
338675	2
392946	2
398076	1180
263935	43
316155	45
99072	859
436997	1
406274	12
30468	4
410371	254
35590	2
408334	20
185102	3
12044	26
395016	9
62226	45
251670	106
288529	1
381714	104
249620	24
185113	2
46875	313
304927	1654
297752	3
61212	4
161566	1
306970	1
34591	94
329498	8
264999	6
271139	578
283427	1
318255	9
317224	11
339752	665
337707	1013
338731	2
309035	29
443191	1
181040	1139
286524	9
395071	17
100155	27
333631	2642
165689	-1
143171	62
244548	200
179018	150
374605	1
296781	21
296782	12
444236	2
406347	41
342858	73
248659	167
185172	192
285523	95
231263	1500
195423	184
296794	13
387940	39
300901	9
266085	2
490337	682
230244	2
246635	42
252779	6
275308	638
266092	28
419692	36
189294	24
367465	4
321385	4
294763	587
328554	7
29553	65
369527	10
294768	7
376688	3
271228	5
343935	99
144249	228
338809	18
349051	79
296836	23
285573	16
418692	2
217984	77
260992	1
285568	18
224132	315
342926	19
422792	9
411529	66
393098	1
306069	22
51093	12
330640	11
82839	5431
325523	594
299928	9
184222	863
362404	5
262050	13
231329	56
93093	77
17317	127
179109	93
63400	3
296878	22
443309	3
314283	6
318388	25
79793	1
186291	44
251824	9
224183	22
264112	2994
55221	7887
187316	16
274364	221
13243	4
393147	1
385989	1
81856	19
285637	9
336833	1
444354	7
177095	3
411585	6
329677	44
90057	1971
71627	9
443341	1
69581	9
426963	3
304083	2
395231	4
140248	85
395228	14
337887	6
139231	25
474073	1
190438	3
272354	1682
294893	15
434159	3
272366	26
337903	74
388078	24
68586	552
267241	2622
338923	1
333803	8
261100	4
388074	3
404471	2
127987	102
411636	123
381942	1
51187	59
201718	2669
314354	23
276467	3
460799	1767
47097	1510
422908	27
432125	209
404477	42
434173	2
409594	20
329720	78
471034	1
364539	117
313339	374
411641	965
