263173	11
140289	38
99330	233
244742	7
305155	2
330754	7
339980	1
401418	67
417801	2
443410	5075
334864	237
259093	6
334876	8
28698	109
258072	83
103450	1
90140	8
296998	27
292903	59
111653	656
217126	23
236582	512
372768	901
272418	213
425006	62
304174	169
298031	10
291893	129
124978	12
55349	593
283697	20
475198	5
178238	5
321592	76
317497	1968
339000	4
394296	3
294970	216
75843	93
113731	36
250944	1
463936	3
464974	1
26699	31
288847	17
239695	29
321608	2
261198	124
291924	7
364628	409
250961	557
271446	2
125013	1
256087	1
298066	1204
372818	795
66646	2
267358	5
434269	15
272472	2
269401	3
43103	35
290916	24
462948	195
305255	1
458852	4
391265	96
23652	2314
290913	4
338018	4
443498	7
409707	107
341109	71
102512	26
204914	23
285814	1
299127	232
151668	25
284793	2
409723	3
22655	37
317563	1
397447	2
88195	3504
383110	1
97413	286
318607	1
477324	1
374920	51
350347	1
437398	1982
272532	34
425109	27
416915	1788
201878	26
424083	3
285852	13
321693	410
228506	7
153755	1
285854	9
264356	1
309415	1719
324769	30
288931	47
91306	263
338089	1
159917	4
337077	1
272567	4
141492	90
213179	150
63675	183
373950	1
430267	15
301242	-1
457926	86
216258	297
411841	12
49352	701
117960	1
407759	35
365775	132
307407	33
289992	34
405704	16
266442	1
385237	109
378068	2
303313	8666
303314	590
479440	11
316627	2
391389	533
433373	101
306392	47
318681	60
427227	6
424166	12
121057	7
42208	508
416998	1
154851	21
195808	21
386272	13
416992	6
372973	4
491756	78
265448	3
332008	10
100593	3
442614	2391
262389	5315
362743	350
388342	123
283891	25
347389	384
46332	39
289028	102
401666	1
318734	39
364815	1
130317	523
370952	3
318731	18
416022	1550
331028	85
420116	3
339222	2
81172	35
278802	5
371987	234
416016	5
124182	1
337181	3
335132	42
400668	1
82204	4
60703	235
395558	15
296229	26
228641	737
403749	1
422178	2
45349	36
267554	1
331053	10
372013	40
102696	50
149803	1
149801	1
9517	115
298281	7
339248	14
394547	10
399665	516
311603	18
225594	2
153912	133
295230	2
264504	98
218431	2
398648	48
297280	391
43332	50
232773	366
218437	1139
239940	8
349517	8
356687	4
129354	1194
466252	26
330057	5
88397	195
210255	5
287049	484
231757	10
429399	297
65875	1
290135	594
477523	17
259413	697
41302	2
312659	-1
338271	3
424283	21
287078	198
476517	3
53603	12
43364	-1
267616	193
172388	72
6503	10
319854	3
262511	1043
24941	2
331115	341
320875	1
279924	1135
342391	3
70005	10
340338	13
315772	99
383358	3
288121	21
93567	59
408966	7
414084	3
432515	5
8581	1814
176516	1
431488	1
77193	34
465293	21
489869	12
201096	28
342410	1
125326	1
320916	39
430487	14
414100	9
202129	100
266646	1
313751	1305
335249	160
107924	89
408979	5
303506	1
378258	7
390546	14
245140	3
264606	25
215448	29
199064	1594
295320	10
62878	42
90528	81
358823	3
265638	1
327079	29
287136	1
21926	11
279981	145
414122	2
395691	7
433591	809
260528	167
297392	1
373169	1
397747	1
294322	136
252340	32
304573	1
429498	1
70079	117
416198	3
394692	368
59845	3
347587	464
243147	22
347599	3
354766	4916
403917	1
403927	4
306646	953
403924	2
49619	7050
320983	188
386518	8
277968	55
360913	3155
387536	77
233941	80
26070	1
153044	1
255449	2
255448	208
458200	2
251356	2
326116	5
257505	19
377318	3
463332	22
394721	43
430574	198
332271	8
430573	2
412139	1
344552	809
468457	132
488951	50
393719	3423
59891	299
340470	1
14837	1148
44535	32
202239	10
252415	1
478714	45
374264	1
161282	6
421383	3919
267776	52
330241	1
303617	34
17925	920
245254	9
383491	18
463360	12
286221	4
385550	1
35339	-1
408072	66
52750	378
396809	1182
321035	1
260626	305
396823	23
24082	307
476693	1431
252432	253
352785	1
397842	7
264722	1
407056	12
298520	50
311835	98
329252	585
277031	2
329248	29
331311	3
267829	7
408114	8
67124	16
296498	6
178744	191
27194	25
79419	139
410173	9
410170	22
331320	30
256574	11
297529	10
460359	1
52801	804
263751	1547
31300	1
439874	1
45638	475
80455	394
264770	22
242244	3
154186	335
262732	493
266831	13
36427	1853
152142	1704
252493	1
306763	75
208460	481
279124	145
437847	26
349782	12
449107	1
260694	7
418384	-1
243284	-1
262748	2
297566	1
237144	3
13916	10
433754	4
303705	1
262746	5
276068	825
133731	17
13921	-1
434791	5722
19043	237
274023	338
38499	101
440930	75
436832	38
344674	13
250472	253
422506	28
64108	8910
62062	133
439912	1
298603	77
47729	445
388724	27
47731	833
398965	158
262768	19
28277	2959
465521	8167
211578	5826
297593	303
194175	46
216707	53
424581	26
421506	598
280193	45
288385	38
432771	2
324237	9
37513	22
395919	63
492173	1822
247433	52
267918	58
287374	13
369295	4
432781	33
276111	309
125580	29
196242	490
334480	502
398995	1
416401	182
19097	55
217753	13
339614	189
234143	225
304792	55
32412	1474
424614	236
369319	1
167590	18
450208	169
297645	1
330415	8
438956	1
252591	270
1708	83
424616	446
331447	326
303794	1
297663	41
278201	4
266938	1
286406	97
434884	2
19145	211
312014	2522
393932	65
338638	115
67274	9
244431	2349
30412	1110
332489	1
249549	1
24271	4273
185043	8
295638	1
395989	42
108247	59
266962	1
41688	16
262877	7
308957	290
309977	228
395992	27
333541	427
94951	1651
392931	2
297709	24
150249	223
125677	2388
326377	75
460521	13
120561	3
120560	76
58098	986
391927	1
338673	6
84724	2
308978	3
338675	2
392946	3
398076	1180
263935	51
316155	55
99072	288
436997	1
406274	10
30468	4
410371	281
35590	2
408334	87
185102	18
12044	32
395016	3
62226	72
251670	182
288529	1
381714	125
249620	29
185113	5
46875	310
304927	2677
297752	3
61212	131
161566	1
306970	1
34591	73
329498	2
264999	6
271139	139
283427	1
318255	9
317224	13
339752	140
337707	982
338731	2
309035	29
443191	1
181040	580
286524	15
395071	36
100155	27
333631	3957
165689	-1
143171	38
244548	367
179018	43
374605	1
296781	29
296782	16
444236	1
406347	45
342858	56
248659	372
185172	121
285523	1143
231263	2201
195423	219
296794	1
387940	29
300901	5
266085	51
490337	1556
230244	3
246635	46
252779	2
275308	473
266092	19
419692	15
189294	25
367465	19
321385	4
294763	491
328554	13
29553	15
369527	1
294768	9
376688	1
271228	1
343935	83
144249	84
338809	11
349051	38
296836	34
285573	23
418692	2
217984	224
260992	1
285568	18
224132	327
342926	11
422792	53
411529	127
393098	2
306069	19
51093	17
330640	12
82839	-1
325523	-1
299928	12
184222	428
362404	15
262050	19
231329	177
93093	25
17317	107
179109	40
63400	271
296878	12
443309	1
314283	49
318388	18
79793	1
186291	55
251824	44
224183	17
264112	4151
55221	7887
187316	16
274364	155
13243	3
393147	1
385989	1
81856	18
285637	5
336833	1
444354	6
177095	110
411585	17
329677	38
90057	1174
71627	13
443341	1
69581	7
426963	6
304083	1
395231	8
140248	318
395228	7
337887	6
139231	43
474073	2
190438	8
272354	9661
294893	15
434159	24
272366	32
337903	10
388078	24
68586	992
267241	1222
338923	1
333803	61
261100	4
388074	1
404471	1
127987	137
411636	90
381942	1
51187	24
201718	413
314354	188
276467	13
460799	2222
47097	1267
422908	20
432125	73
404477	53
434173	3
409594	20
329720	56
471034	1
364539	234
313339	106
411641	809
