74753	250
482309	229
421902	14
66570	3
404489	6
421897	3
343060	28
478225	4
71702	62
71705	41
391196	1
430108	1628
69658	116
421927	1
383015	1
336934	19
392245	1
412726	2
406586	1
120892	56
430136	1
93249	147
383046	462
426048	36
427072	1
383062	1
425040	4
399453	6
426074	1
418919	6
406627	160
427105	1
385132	113
406636	3768
427117	1
415850	6
418921	1
416886	2
394356	3
416885	642
424053	5
385137	1
472178	162
449659	60
417923	3
401551	15
430219	1
376977	2
417937	2
398490	16
415911	1
135328	160
420004	3
422051	101
418979	1
391331	1
24747	3875
431275	6
425142	90
422064	2
74934	11
399537	1
402609	1
404657	1
402618	1
420038	1
425156	1
381121	1
405699	3
425152	6
425153	7
483534	2308
480462	5534
399567	1
65738	-1
110797	1008
43212	22
424138	2
420041	84
404690	36
412882	12
423122	1
418000	1
25815	1
82137	21
426206	1
227546	28
429279	266
413913	-1
426214	15
424167	1
291040	235
126180	180
430307	1
479469	3
176364	4
3313	3
420080	1
402673	378
419057	1
193784	122
404728	13
403705	90
418041	540
42243	40
10499	1
424195	40
385293	231
335118	486
400650	2
95505	56
421148	1
25890	10
424226	3
396576	14
380194	6
391464	9
424242	1
418096	1
384317	22
406846	1
427320	5
400710	36
462147	27
384320	396
415043	1
391500	1
399695	15
427337	10
228691	150
405843	1
424286	49
419165	168
66908	95
417113	3
403810	24
499048	31
422259	196
430451	1
193909	1
400761	1
401796	1
402818	87
402819	219
405889	76
340365	630
168331	130
85384	8
402831	6
382350	91
382347	36
157069	124
382353	66
161175	21
382355	165
383378	1
399773	27
380313	66
399770	1
399768	110
399769	1
42402	49
399780	1
381345	16
147877	160
405934	7
427438	2
399791	9
416175	2
367023	108
381358	8
403881	2235
427433	1
416183	2
428468	2
41395	57
416181	7
399794	1
399792	1
399793	1
287164	5
406973	10
94653	1395
420283	1
401848	16
434630	95
406982	17
114116	71
335309	8
71113	43
426447	1
402892	727
427479	95
375248	47
424403	13
144858	31
424415	4
427483	1
165346	183
400871	1
230885	2
489963	1
334315	34
412150	117
412151	1
412149	1
427504	4
96765	4
412155	416
291322	117
31230	3
412153	1
427532	1
401941	2
426515	7
31261	66
426520	1
388634	146
426534	1
69152	811
27173	279
418347	1
384567	120
393781	3
416307	1
420413	5
405051	50
415291	1
416313	-1
422468	1
426565	37
407106	27
152135	421
426563	5
178760	657
39499	16
405069	484
405066	170
423496	14
380501	198
41554	335
384595	1
423505	12
426590	17
234074	459
410207	811
426589	1
421469	79
438875	384
384600	1
407131	4
422489	1
421473	2
395886	1
417388	99
402028	1
390761	33
420458	15
22132	17
383600	10
405104	121
401030	2
420482	467
390784	1
388739	4
383624	39
401035	43
426633	1
407191	1
409236	7
425621	1
423582	26
426652	1
392862	1
409245	115
143001	1
384667	1
384666	6
408230	1
415399	2
429733	407
409250	25
402080	2
384687	1
414380	1
60081	1107
424631	51
426676	6
414384	10
403132	1
69308	19
116419	10
456395	10
404169	35
391893	2
391895	7
391894	1
366298	-1
391898	1
421607	1
390883	315
418528	52
383714	16
390882	1
382701	1
415470	2
27370	18
414444	1
384750	1
103148	15
357110	1491
86779	13
421628	3
424710	19
455427	1
407297	83
424718	1
424712	3
429833	1
402198	1
424727	1
424725	80
484114	13
363293	8
426778	17
25377	51
418599	14
410402	98
426792	2
145202	126
425783	311
415541	1
416560	2
334652	7
404285	1
135997	6
402233	1
425798	1
407364	1
11076	1080
398158	105
29516	2186
388936	1
365387	40
386901	96
431963	15
478042	2
29536	32
73573	28
426851	1
429934	3
27499	54
396139	145
217966	1
417659	48
399224	2
406392	5
222080	37
442245	119
417669	4
413569	3
424845	1
413592	1
419748	1
392099	1
364450	21
409517	8
383913	1
392119	6
162740	32
95167	14
79809	1
481223	6425
391108	8
25539	293
406469	1
497603	2
423872	600
170954	20
383949	3
73675	363
383950	1
430026	1
430027	729
409544	1
403410	1
430035	1
417759	2
425951	2
69598	343
383973	26
396258	2
361441	2491
424930	1
383968	38
383970	3
388085	109
426998	890
403444	4
430069	79
422901	1
409586	2
382960	121
488441	1
