74753	397
482309	163
421902	12
66570	63
404489	1
421897	2
343060	14
478225	2
71702	15
71705	39
391196	1
430108	343
69658	141
421927	1
383015	1
336934	1
392245	1
412726	6
406586	1
120892	20
430136	3
93249	16
383046	202
426048	90
427072	1
383062	1
425040	5
399453	7
426074	1
418919	1
406627	2
427105	1
385132	585
406636	9
427117	1
415850	12
418921	17
416886	2
394356	1
416885	89
424053	11
385137	1
472178	137
449659	38
417923	2
401551	78
430219	38
376977	8
417937	2
398490	2
415911	1
135328	698
420004	2
422051	120
418979	1
391331	1
24747	4842
431275	17
425142	35
422064	1
74934	103
399537	1
402609	1
404657	2
402618	1
420038	1
425156	3
381121	1
405699	19
425152	3
425153	85
483534	3084
480462	1224
399567	1
65738	-1
110797	1910
43212	52
424138	1
420041	134
404690	92
412882	6
423122	1
418000	5
25815	1
82137	98
426206	1
227546	1
429279	175
413913	-1
426214	3
424167	1
291040	274
126180	257
430307	1
479469	6
176364	19
3313	3
420080	1
402673	1
419057	1
193784	118
404728	15
403705	110
418041	916
42243	48
10499	1
424195	29
385293	403
335118	264
400650	2
95505	122
421148	1
25890	41
424226	1
396576	4
380194	52
391464	1
424242	1
418096	1
384317	15
406846	25
427320	7
400710	1
462147	8
384320	279
415043	4
391500	8
399695	14
427337	36
228691	10
405843	1
424286	2
419165	145
66908	179
417113	1
403810	25
499048	178
422259	140
430451	1
193909	2
400761	1
401796	1
402818	158
402819	46
405889	74
340365	404
168331	218
85384	5
402831	4
382350	232
382347	83
157069	220
382353	185
161175	19
382355	110
383378	2
399773	18
380313	7
399770	1
399768	243
399769	1
42402	116
399780	1
381345	13
147877	34
405934	7
427438	2
399791	6
416175	2
367023	480
381358	1
403881	1870
427433	1
416183	28
428468	3
41395	58
416181	36
399794	1
399792	1
399793	1
287164	4
406973	6
94653	121
420283	1
401848	8
434630	26
406982	10
114116	40
335309	23
71113	11
426447	1
402892	693
427479	28
375248	1
424403	17
144858	69
424415	4
427483	1
165346	328
400871	1
230885	8
489963	1
334315	36
412150	87
412151	1
412149	1
427504	8
96765	39
412155	1088
291322	99
31230	2
412153	1
427532	1
401941	3
426515	36
31261	96
426520	1
388634	174
426534	1
69152	2045
27173	249
418347	1
384567	102
393781	1
416307	1
420413	7
405051	4
415291	1
416313	-1
422468	1
426565	10
407106	14
152135	439
426563	15
178760	-1
39499	450
405069	265
405066	1
423496	13
380501	30
41554	550
384595	1
423505	16
426590	87
234074	119
410207	502
426589	1
421469	9
438875	288
384600	1
407131	1
422489	2
421473	1
395886	5
417388	22
402028	5
390761	43
420458	79
22132	22
383600	17
405104	124
401030	1
420482	324
390784	1
388739	3
383624	12
401035	18
426633	1
407191	4
409236	6
425621	1
423582	31
426652	1
392862	3
409245	146
143001	30
384667	1
384666	1
408230	1
415399	41
429733	877
409250	24
402080	20
384687	1
414380	1
60081	1578
424631	370
426676	1
414384	1
403132	1
69308	23
116419	90
456395	1
404169	36
391893	3
391895	10
391894	1
366298	-1
391898	1
421607	1
390883	1100
418528	1
383714	16
390882	1
382701	1
415470	1
27370	542
414444	1
384750	1
103148	25
357110	689
86779	19
421628	1
424710	11
455427	12
407297	45
424718	1
424712	63
429833	1
402198	1
424727	1
424725	69
484114	9
363293	6
426778	1
25377	41
418599	920
410402	98
426792	2
145202	173
425783	335
415541	1
416560	25
334652	23
404285	1
135997	16
402233	3
425798	1
407364	1
11076	1081
398158	2
29516	2153
388936	2
365387	101
386901	69
431963	28
478042	2
29536	47
73573	2
426851	1
429934	5
27499	64
396139	516
217966	6
417659	29
399224	1
406392	6
222080	145
442245	418
417669	3
413569	1
424845	1
413592	1
419748	1
392099	1
364450	9
409517	15
383913	1
392119	4
162740	29
95167	10
79809	229
481223	9704
391108	8
25539	954
406469	1
497603	3
423872	263
170954	17
383949	4
73675	168
383950	1
430026	1
430027	70
409544	1
403410	1
430035	1
417759	1
425951	1
69598	1
383973	28
396258	1
361441	1220
424930	1
383968	5
383970	4
388085	105
426998	728
403444	4
430069	75
422901	3
409586	2
382960	83
488441	1
