263173	4
140289	296
99330	229
244742	89
305155	3
330754	1
339980	1
401418	2
417801	1
443410	6787
334864	139
259093	6
334876	21
28698	166
258072	60
103450	4
90140	75
296998	26
292903	82
111653	160
217126	24
236582	23
372768	12
272418	847
425006	69
304174	213
298031	3
291893	125
124978	11
55349	438
283697	41
475198	5
178238	5
321592	42
317497	836
339000	1
394296	15
294970	204
75843	49
113731	150
250944	1
463936	3
464974	1
26699	18
288847	42
239695	9
321608	3
261198	1096
291924	131
364628	690
250961	275
271446	3
125013	1
256087	2
298066	1309
372818	32
66646	2
267358	9
434269	30
272472	5
269401	6
43103	45
290916	19
462948	60
305255	1
458852	2
391265	77
23652	2978
290913	63
338018	3
443498	7
409707	151
341109	16
102512	21
204914	77
285814	1
299127	135
151668	20
284793	13
409723	3
22655	101
317563	3
397447	4
88195	3991
383110	3
97413	397
318607	1
477324	1
374920	30
350347	1
437398	1146
272532	101
425109	12
416915	1611
201878	41
424083	60
285852	7
321693	163
228506	7
153755	1
285854	16
264356	1
309415	1010
324769	8
288931	39
91306	128
338089	50
159917	4
337077	1
272567	11
141492	59
213179	457
63675	76
373950	1
430267	35
301242	2528
457926	102
216258	7
411841	3
49352	122
117960	5
407759	52
365775	59
307407	24
289992	12
405704	114
266442	1
385237	126
378068	2
303313	9569
303314	216
479440	29
316627	2
391389	54
433373	54
306392	67
318681	25
427227	6
424166	11
121057	19
42208	117
416998	1
154851	34
195808	14
386272	29
416992	16
372973	7
491756	86
265448	1
332008	13
100593	60
442614	1430
262389	3433
362743	84
388342	72
283891	16
347389	264
46332	45
289028	132
401666	1
318734	56
364815	8
130317	442
370952	5
318731	23
416022	411
331028	29
420116	3
339222	1
81172	48
278802	5
371987	270
416016	8
124182	1
337181	4
335132	15
400668	1
82204	4
60703	235
395558	10
296229	14
228641	279
403749	1
422178	2
45349	57
267554	1
331053	31
372013	15
102696	133
149803	1
149801	1
9517	1832
298281	11
339248	15
394547	11
399665	676
311603	10
225594	2
153912	285
295230	4
264504	28
218431	1
398648	80
297280	166
43332	34
232773	394
218437	1653
239940	24
349517	4
356687	5
129354	601
466252	37
330057	6
88397	113
210255	5
287049	8499
231757	5
429399	305
65875	1
290135	96
477523	17
259413	152
41302	3
312659	-1
338271	4
424283	5
287078	100
476517	6
53603	8
43364	1797
267616	214
172388	93
6503	55
319854	2
262511	904
24941	1
331115	346
320875	1
279924	61
342391	2
70005	15
340338	21
315772	21
383358	7
288121	8
93567	43
408966	14
414084	17
432515	5
8581	1802
176516	1
431488	1
77193	35
465293	10
489869	19
201096	10
342410	3
125326	2
320916	14
430487	110
414100	2
202129	95
266646	1
313751	1325
335249	291
107924	355
408979	1
303506	1
378258	8
390546	18
245140	6
264606	12
215448	27
199064	1420
295320	11
62878	42
90528	182
358823	4
265638	1
327079	34
287136	1
21926	28
279981	416
414122	2
395691	17
433591	1476
260528	227
297392	1
373169	1
397747	2
294322	30
252340	78
304573	1
429498	1
70079	148
416198	2
394692	372
59845	40
347587	605
243147	5
347599	2
354766	775
403917	2
403927	5
306646	37
403924	2
49619	-1
320983	414
386518	16
277968	37
360913	42
387536	16
233941	46
26070	1
153044	1
255449	2
255448	39
458200	1
251356	5
326116	8
257505	75
377318	17
463332	202
394721	55
430574	9
332271	4
430573	3
412139	2
344552	1002
468457	137
488951	48
393719	913
59891	229
340470	1
14837	1522
44535	428
202239	10
252415	39
478714	42
374264	2
161282	1
421383	4620
267776	148
330241	1
303617	35
17925	913
245254	8
383491	34
463360	4
286221	2
385550	11
35339	716
408072	309
52750	32
396809	2016
321035	1
260626	146
396823	42
24082	300
476693	539
252432	495
352785	24
397842	4
264722	1
407056	1
298520	49
311835	130
329252	80
277031	2
329248	3
331311	3
267829	10
408114	2
67124	97
296498	12
178744	195
27194	25
79419	114
410173	4
410170	1
331320	16
256574	5
297529	11
460359	1
52801	278
263751	282
31300	1
439874	1
45638	84
80455	543
264770	22
242244	2
154186	338
262732	410
266831	19
36427	1305
152142	736
252493	1
306763	50
208460	415
279124	316
437847	29
349782	12
449107	1
260694	20
418384	4228
243284	-1
262748	1
297566	1
237144	3
13916	11
433754	4
303705	1
262746	3
276068	829
133731	3
13921	-1
434791	7371
19043	150
274023	546
38499	78
440930	42
436832	34
344674	14
250472	173
422506	517
64108	8814
62062	243
439912	1
298603	50
47729	127
388724	92
47731	2034
398965	3
262768	5
28277	3278
465521	3933
211578	2177
297593	58
194175	3
216707	115
424581	2
421506	749
280193	194
288385	808
432771	2
324237	12
37513	18
395919	130
492173	3391
247433	1
267918	58
287374	4
369295	1
432781	23
276111	268
125580	29
196242	263
334480	224
398995	16
416401	3
19097	26
217753	19
339614	19
234143	27
304792	67
32412	1582
424614	82
369319	2
167590	27
450208	40
297645	1
330415	7
438956	1
252591	145
1708	52
424616	566
331447	489
303794	1
297663	29
278201	32
266938	1
286406	161
434884	3
19145	851
312014	776
393932	7
338638	135
67274	6
244431	3084
30412	15
332489	2
249549	9
24271	6052
185043	1
295638	1
395989	28
108247	68
266962	1
41688	21
262877	12
308957	25
309977	70
395992	22
333541	491
94951	1705
392931	4
297709	1
150249	232
125677	2300
326377	72
460521	5
120561	2
120560	127
58098	624
391927	1
338673	4
84724	1
308978	3
338675	3
392946	3
398076	702
263935	22
316155	84
99072	471
436997	1
406274	107
30468	6
410371	206
35590	1
408334	59
185102	19
12044	31
395016	5
62226	72
251670	80
288529	2
381714	143
249620	35
185113	8
46875	10
304927	412
297752	1
61212	74
161566	1
306970	1
34591	97
329498	2
264999	7
271139	719
283427	1
318255	7
317224	10
339752	922
337707	1093
338731	2
309035	41
443191	1
181040	289
286524	5
395071	68
100155	16
333631	3195
165689	-1
143171	59
244548	181
179018	45
374605	17
296781	29
296782	12
444236	1
406347	29
342858	70
248659	289
185172	138
285523	125
231263	1875
195423	38
296794	1
387940	43
300901	6
266085	36
490337	1440
230244	1
246635	17
252779	2
275308	161
266092	6
419692	6
189294	37
367465	4
321385	4
294763	237
328554	7
29553	15
369527	10
294768	44
376688	1
271228	4
343935	48
144249	50
338809	14
349051	85
296836	18
285573	127
418692	5
217984	36
260992	1
285568	22
224132	145
342926	22
422792	21
411529	30
393098	10
306069	1
51093	6
330640	12
82839	-1
325523	2717
299928	25
184222	864
362404	3
262050	35
231329	86
93093	30
17317	12
179109	56
63400	330
296878	14
443309	5
314283	212
318388	22
79793	1
186291	49
251824	11
224183	51
264112	9451
55221	-1
187316	1
274364	103
13243	3
393147	1
385989	2
81856	77
285637	14
336833	1
444354	5
177095	33
411585	70
329677	35
90057	4439
71627	173
443341	1
69581	6
426963	2
304083	2
395231	5
140248	96
395228	13
337887	6
139231	21
474073	18
190438	9
272354	1533
294893	50
434159	3
272366	35
337903	2
388078	24
68586	1165
267241	1583
338923	33
333803	35
261100	8
388074	4
404471	1
127987	137
411636	313
381942	2
51187	178
201718	100
314354	41
276467	14
460799	1667
47097	1288
422908	5
432125	324
404477	2
434173	128
409594	26
329720	54
471034	1
364539	130
313339	84
411641	834
