263173	11
140289	57
99330	126
244742	3
305155	2
330754	7
339980	1
401418	67
417801	2
443410	6470
334864	224
259093	6
334876	8
28698	109
258072	83
103450	1
90140	8
296998	27
292903	59
111653	660
217126	23
236582	512
372768	104
272418	889
425006	62
304174	312
298031	1
291893	129
124978	12
55349	593
283697	20
475198	5
178238	5
321592	122
317497	1968
339000	4
394296	16
294970	216
75843	18
113731	180
250944	1
463936	3
464974	1
26699	17
288847	17
239695	29
321608	1
261198	124
291924	7
364628	466
250961	557
271446	2
125013	1
256087	2
298066	1204
372818	795
66646	2
267358	5
434269	15
272472	8
269401	3
43103	35
290916	39
462948	195
305255	1
458852	2
391265	85
23652	3114
290913	70
338018	4
443498	3
409707	106
341109	71
102512	31
204914	23
285814	1
299127	237
151668	5
284793	2
409723	6
22655	85
317563	2
397447	2
88195	3504
383110	1
97413	286
318607	1
477324	1
374920	108
350347	1
437398	1982
272532	16
425109	9
416915	1277
201878	26
424083	11
285852	9
321693	491
228506	7
153755	1
285854	8
264356	1
309415	1719
324769	23
288931	79
91306	263
338089	1
159917	4
337077	1
272567	9
141492	156
213179	123
63675	183
373950	1
430267	15
301242	-1
457926	94
216258	58
411841	3
49352	701
117960	1
407759	34
365775	132
307407	31
289992	9
405704	16
266442	1
385237	124
378068	2
303313	-1
303314	590
479440	11
316627	5
391389	533
433373	101
306392	49
318681	63
427227	6
424166	12
121057	7
42208	508
416998	1
154851	21
195808	20
386272	13
416992	6
372973	4
491756	75
265448	3
332008	6
100593	3
442614	2391
262389	5323
362743	350
388342	123
283891	27
347389	384
46332	31
289028	102
401666	1
318734	51
364815	1
130317	727
370952	3
318731	23
416022	1550
331028	85
420116	3
339222	33
81172	35
278802	5
371987	194
416016	5
124182	1
337181	3
335132	15
400668	1
82204	4
60703	10
395558	16
296229	26
228641	737
403749	1
422178	2
45349	36
267554	1
331053	30
372013	40
102696	50
149803	1
149801	1
9517	139
298281	10
339248	14
394547	10
399665	516
311603	18
225594	2
153912	133
295230	9
264504	98
218431	2
398648	56
297280	634
43332	50
232773	366
218437	1139
239940	22
349517	9
356687	4
129354	1713
466252	19
330057	5
88397	176
210255	5
287049	484
231757	10
429399	314
65875	1
290135	594
477523	17
259413	122
41302	2
312659	-1
338271	3
424283	16
287078	198
476517	3
53603	12
43364	-1
267616	193
172388	93
6503	46
319854	4
262511	901
24941	2
331115	341
320875	1
279924	1135
342391	3
70005	9
340338	64
315772	94
383358	1
288121	21
93567	59
408966	8
414084	3
432515	5
8581	1814
176516	1
431488	1
77193	34
465293	19
489869	1
201096	28
342410	1
125326	1
320916	39
430487	14
414100	9
202129	100
266646	1
313751	1312
335249	170
107924	89
408979	1
303506	1
378258	7
390546	77
245140	3
264606	27
215448	29
199064	1395
295320	11
62878	47
90528	81
358823	3
265638	1
327079	27
287136	1
21926	14
279981	145
414122	2
395691	9
433591	798
260528	155
297392	1
373169	1
397747	1
294322	28
252340	32
304573	1
429498	1
70079	98
416198	2
394692	368
59845	3
347587	328
243147	13
347599	7
354766	4770
403917	1
403927	4
306646	704
403924	2
49619	7050
320983	153
386518	8
277968	55
360913	1704
387536	77
233941	80
26070	1
153044	1
255449	2
255448	208
458200	2
251356	5
326116	5
257505	52
377318	5
463332	22
394721	43
430574	115
332271	8
430573	2
412139	2
344552	809
468457	143
488951	17
393719	362
59891	273
340470	1
14837	1148
44535	16
202239	10
252415	1
478714	45
374264	1
161282	2
421383	3919
267776	76
330241	1
303617	34
17925	920
245254	10
383491	18
463360	6
286221	4
385550	1
35339	1195
408072	58
52750	378
396809	1738
321035	1
260626	305
396823	26
24082	359
476693	1453
252432	253
352785	1
397842	7
264722	1
407056	13
298520	53
311835	98
329252	585
277031	2
329248	29
331311	2
267829	10
408114	8
67124	16
296498	9
178744	334
27194	25
79419	186
410173	9
410170	22
331320	27
256574	10
297529	7
460359	2
52801	820
263751	2206
31300	1
439874	1
45638	475
80455	433
264770	22
242244	3
154186	548
262732	493
266831	13
36427	1679
152142	1780
252493	1
306763	108
208460	450
279124	155
437847	26
349782	12
449107	1
260694	7
418384	-1
243284	-1
262748	2
297566	1
237144	3
13916	10
433754	4
303705	1
262746	3
276068	1311
133731	14
13921	9315
434791	5722
19043	237
274023	338
38499	101
440930	32
436832	38
344674	13
250472	249
422506	41
64108	9988
62062	259
439912	1
298603	105
47729	445
388724	26
47731	2034
398965	6
262768	1
28277	3313
465521	8167
211578	5911
297593	303
194175	46
216707	52
424581	8
421506	553
280193	141
288385	38
432771	2
324237	9
37513	22
395919	45
492173	1822
247433	52
267918	58
287374	4
369295	4
432781	33
276111	724
125580	30
196242	432
334480	546
398995	1
416401	240
19097	67
217753	14
339614	65
234143	56
304792	55
32412	1474
424614	258
369319	4
167590	18
450208	288
297645	1
330415	4
438956	1
252591	270
1708	83
424616	446
331447	326
303794	1
297663	31
278201	17
266938	1
286406	97
434884	2
19145	368
312014	1208
393932	65
338638	125
67274	9
244431	2232
30412	1110
332489	1
249549	1
24271	4273
185043	8
295638	1
395989	42
108247	59
266962	1
41688	16
262877	7
308957	290
309977	259
395992	39
333541	369
94951	1651
392931	2
297709	24
150249	223
125677	2428
326377	75
460521	10
120561	3
120560	76
58098	1044
391927	1
338673	8
84724	1
308978	3
338675	3
392946	3
398076	1180
263935	51
316155	67
99072	313
436997	1
406274	8
30468	4
410371	285
35590	2
408334	83
185102	18
12044	32
395016	3
62226	72
251670	182
288529	1
381714	125
249620	11
185113	5
46875	126
304927	928
297752	3
61212	182
161566	1
306970	1
34591	73
329498	1
264999	6
271139	139
283427	1
318255	7
317224	12
339752	803
337707	1004
338731	2
309035	30
443191	1
181040	559
286524	22
395071	48
100155	27
333631	3957
165689	-1
143171	38
244548	142
179018	43
374605	1
296781	29
296782	16
444236	1
406347	45
342858	69
248659	372
185172	121
285523	1143
231263	2813
195423	144
296794	1
387940	44
300901	5
266085	105
490337	1556
230244	3
246635	46
252779	2
275308	473
266092	19
419692	15
189294	42
367465	14
321385	4
294763	702
328554	13
29553	36
369527	1
294768	9
376688	1
271228	1
343935	34
144249	84
338809	11
349051	38
296836	18
285573	23
418692	2
217984	224
260992	1
285568	19
224132	145
342926	7
422792	53
411529	127
393098	3
306069	19
51093	17
330640	12
82839	-1
325523	-1
299928	12
184222	428
362404	15
262050	27
231329	177
93093	25
17317	88
179109	40
63400	199
296878	12
443309	1
314283	65
318388	18
79793	1
186291	55
251824	31
224183	26
264112	4151
55221	7887
187316	16
274364	34
13243	213
393147	1
385989	1
81856	123
285637	9
336833	1
444354	6
177095	3
411585	23
329677	40
90057	1174
71627	11
443341	1
69581	6
426963	6
304083	1
395231	8
140248	96
395228	2
337887	6
139231	43
474073	2
190438	8
272354	-1
294893	15
434159	24
272366	32
337903	23
388078	24
68586	992
267241	1613
338923	1
333803	33
261100	6
388074	2
404471	1
127987	137
411636	145
381942	2
51187	68
201718	29
314354	186
276467	13
460799	2222
47097	1267
422908	19
432125	184
404477	53
434173	3
409594	8
329720	56
471034	1
364539	234
313339	106
411641	809
