263173	2
140289	80
99330	278
244742	3
305155	5
330754	1
339980	1
401418	5
417801	1
443410	5745
334864	226
259093	7
334876	5
28698	80
258072	61
103450	4
90140	2
296998	110
292903	85
111653	841
217126	27
236582	7
372768	1
272418	652
425006	51
304174	258
298031	2
291893	240
124978	8
55349	444
283697	23
475198	4
178238	5
321592	7
317497	950
339000	1
394296	18
294970	110
75843	120
113731	8
250944	1
463936	3
464974	1
26699	29
288847	101
239695	20
321608	4
261198	94
291924	2
364628	3032
250961	218
271446	2
125013	3
256087	1
298066	294
372818	28
66646	2
267358	5
434269	66
272472	1
269401	7
43103	31
290916	41
462948	422
305255	1
458852	2
391265	57
23652	193
290913	3
338018	4
443498	2
409707	112
341109	23
102512	16
204914	3
285814	1
299127	87
151668	11
284793	4
409723	5
22655	44
317563	1
397447	14
88195	4331
383110	1
97413	75
318607	1
477324	3
374920	31
350347	1
437398	1277
272532	2
425109	57
416915	721
201878	12
424083	132
285852	9
321693	161
228506	7
153755	1
285854	12
264356	1
309415	425
324769	30
288931	33
91306	150
338089	53
159917	4
337077	1
272567	4
141492	8
213179	308
63675	75
373950	1
430267	1
301242	5501
457926	93
216258	11
411841	2
49352	122
117960	1
407759	47
365775	16
307407	53
289992	15
405704	11
266442	1
385237	43
378068	2
303313	4359
303314	222
479440	27
316627	5
391389	36
433373	35
306392	65
318681	38
427227	8
424166	14
121057	10
42208	200
416998	1
154851	24
195808	11
386272	11
416992	1
372973	7
491756	81
265448	16
332008	14
100593	4
442614	2084
262389	2721
362743	6
388342	174
283891	28
347389	68
46332	69
289028	47
401666	1
318734	52
364815	1
130317	245
370952	13
318731	21
416022	112
331028	17
420116	3
339222	72
81172	135
278802	10
371987	199
416016	19
124182	1
337181	2
335132	12
400668	73
82204	3
60703	154
395558	12
296229	4
228641	331
403749	1
422178	2
45349	72
267554	1
331053	122
372013	16
102696	38
149803	1
149801	1
9517	1102
298281	10
339248	1
394547	9
399665	27
311603	6
225594	2
153912	147
295230	2
264504	16
218431	3
398648	26
297280	110
43332	34
232773	301
218437	-1
239940	15
349517	1
356687	5
129354	37
466252	39
330057	2
88397	73
210255	5
287049	47
231757	6
429399	211
65875	1
290135	6
477523	17
259413	193
41302	2
312659	-1
338271	3
424283	53
287078	182
476517	1
53603	29
43364	1049
267616	135
172388	84
6503	84
319854	2
262511	879
24941	2
331115	9
320875	1
279924	46
342391	6
70005	16
340338	75
315772	13
383358	2
288121	19
93567	59
408966	23
414084	28
432515	10
8581	1828
176516	1
431488	1
77193	44
465293	21
489869	5
201096	11
342410	5
125326	12
320916	56
430487	5
414100	10
202129	36
266646	1
313751	1305
335249	141
107924	78
408979	2
303506	1
378258	8
390546	87
245140	3
264606	9
215448	53
199064	545
295320	6
62878	70
90528	45
358823	3
265638	4
327079	28
287136	1
21926	22
279981	294
414122	5
395691	10
433591	347
260528	106
297392	2
373169	1
397747	1
294322	83
252340	27
304573	1
429498	1
70079	6
416198	8
394692	14
59845	7
347587	130
243147	5
347599	2
354766	1977
403917	2
403927	5
306646	19
403924	2
49619	6999
320983	509
386518	14
277968	51
360913	9
387536	61
233941	79
26070	1
153044	1
255449	2
255448	62
458200	2
251356	123
326116	12
257505	59
377318	7
463332	61
394721	111
430574	6
332271	11
430573	1
412139	153
344552	589
468457	76
488951	86
393719	542
59891	166
340470	1
14837	1627
44535	33
202239	6
252415	4
478714	40
374264	1
161282	5
421383	211
267776	47
330241	1
303617	43
17925	930
245254	142
383491	5
463360	12
286221	4
385550	28
35339	1366
408072	108
52750	109
396809	1246
321035	1
260626	408
396823	29
24082	278
476693	91
252432	92
352785	10
397842	2
264722	1
407056	2
298520	17
311835	13
329252	181
277031	3
329248	7
331311	1
267829	8
408114	8
67124	52
296498	16
178744	118
27194	37
79419	439
410173	2
410170	2
331320	13
256574	12
297529	1
460359	1
52801	278
263751	566
31300	1
439874	2
45638	379
80455	313
264770	19
242244	3
154186	299
262732	208
266831	10
36427	1274
152142	1126
252493	1
306763	21
208460	176
279124	3
437847	17
349782	3
449107	2
260694	76
418384	4777
243284	-1
262748	2
297566	1
237144	2
13916	15
433754	5
303705	344
262746	3
276068	602
133731	3
13921	-1
434791	-1
19043	37
274023	657
38499	148
440930	46
436832	72
344674	13
250472	242
422506	33
64108	7660
62062	89
439912	1
298603	39
47729	623
388724	5
47731	833
398965	74
262768	19
28277	2414
465521	9678
211578	3076
297593	16
194175	78
216707	44
424581	7
421506	221
280193	15
288385	341
432771	14
324237	8
37513	29
395919	189
492173	3268
247433	2
267918	9
287374	21
369295	1
432781	13
276111	351
125580	26
196242	308
334480	46
398995	8
416401	31
19097	56
217753	36
339614	15
234143	663
304792	28
32412	2302
424614	204
369319	1
167590	1
450208	59
297645	1
330415	22
438956	1
252591	51
1708	8
424616	26
331447	324
303794	1
297663	48
278201	1
266938	1
286406	96
434884	2
19145	517
312014	5774
393932	1
338638	122
67274	3
244431	4676
30412	151
332489	1
249549	1
24271	5799
185043	7
295638	1
395989	88
108247	68
266962	1
41688	66
262877	6
308957	80
309977	34
395992	28
333541	275
94951	1865
392931	1
297709	18
150249	106
125677	-1
326377	77
460521	10
120561	3
120560	80
58098	351
391927	1
338673	3
84724	1
308978	3
338675	2
392946	1
398076	702
263935	51
316155	16
99072	44
436997	1
406274	14
30468	1
410371	258
35590	2
408334	85
185102	19
12044	38
395016	4
62226	9
251670	106
288529	1
381714	102
249620	34
185113	13
46875	28
304927	62
297752	11
61212	3
161566	1
306970	1
34591	84
329498	6
264999	6
271139	331
283427	1
318255	6
317224	11
339752	86
337707	990
338731	79
309035	35
443191	2
181040	601
286524	1
395071	16
100155	8
333631	672
165689	-1
143171	55
244548	374
179018	84
374605	1
296781	29
296782	12
444236	2
406347	144
342858	58
248659	86
185172	116
285523	2
231263	2334
195423	250
296794	1
387940	13
300901	6
266085	7
490337	230
230244	3
246635	19
252779	2
275308	206
266092	16
419692	5
189294	23
367465	4
321385	4
294763	626
328554	14
29553	73
369527	10
294768	9
376688	1
271228	2
343935	68
144249	264
338809	1
349051	44
296836	19
285573	12
418692	1
217984	64
260992	1
285568	12
224132	286
342926	26
422792	21
411529	64
393098	3
306069	1
51093	13
330640	10
82839	134
325523	542
299928	6
184222	523
362404	7
262050	8
231329	112
93093	86
17317	93
179109	17
63400	161
296878	27
443309	3
314283	5
318388	17
79793	1
186291	14
251824	9
224183	54
264112	-1
55221	7775
187316	18
274364	171
13243	3
393147	1
385989	5
81856	2
285637	1
336833	1
444354	7
177095	10
411585	22
329677	43
90057	2382
71627	6
443341	1
69581	6
426963	2
304083	1
395231	7
140248	86
395228	14
337887	6
139231	7
474073	11
190438	4
272354	1554
294893	53
434159	5
272366	29
337903	1
388078	9
68586	1149
267241	3453
338923	33
333803	27
261100	4
388074	2
404471	2
127987	28
411636	190
381942	1
51187	32
201718	3646
314354	60
276467	8
460799	2429
47097	1209
422908	33
432125	169
404477	16
434173	2
409594	6
329720	85
471034	2
364539	88
313339	652
411641	1076
