6566	18547
14278	14285
10981	1708
30400	30398
8731	18544
22239	10720
10984	10979
7462	19867
18508	18506
26920	3866
22239	22232
23018	21926
17126	17119
17115	8731
15336	15765
22233	22234
17117	17127
13743	10989
26068	18089
11886	3868
674	18552
16685	16681
17278	17279
19418	25377
18550	18552
3122	3127
14283	14290
30522	13910
18557	18555
10712	3875
26918	3857
18554	1718
13911	16772
9408	9401
16682	16685
10985	5526
11879	26924
18090	17444
10985	11178
30396	18552
26927	26953
17114	1718
26922	3871
14283	14287
22608	23009
26918	3863
13905	3871
30404	30394
28913	28911
28913	28909
19417	16775
28910	19863
7875	21931
21914	14578
6422	6417
18337	18544
23011	3855
14283	14289
22236	17318
20273	5445
3845	1731
21286	21281
22237	22234
12156	18550
30522	20274
20034	3871
30368	30657
21719	3859
10075	10060
17133	17451
17120	11050
19418	12161
21933	5411
29405	5509
26917	26940
10069	309
18548	18560
10983	309
21721	30518
29393	1732
18501	21775
24933	17453
3845	28227
10988	3316
5040	18506
10985	23885
21920	21930
5586	25934
18087	18550
3900	28180
23374	26007
10069	8064
10061	10072
4245	15770
3845	23045
26943	26955
27447	1718
16685	1732
17122	7467
21935	14578
12160	21774
10710	10717
6555	28188
29395	18544
26920	3857
10072	10057
21724	18547
10977	16779
20276	20266
3845	5520
391	397
10977	8084
7875	18547
22236	17315
30548	30550
21704	25935
23011	18552
18505	16898
10076	10055
26920	26949
394	3871
26918	3851
14287	24926
1395	26989
1338	1346
21918	14578
21724	21775
24933	17447
10986	2619
6565	3871
16437	3844
5953	30830
19418	18089
21718	14762
10977	4870
21721	21774
6565	6558
24933	17449
13906	5436
28905	28912
12160	28227
26991	26987
21719	3864
10977	8066
21914	9781
11287	16901
14282	14287
1640	26947
18336	1718
12160	23045
20251	15333
26924	26945
5416	5408
24933	28164
20034	20035
12160	15277
30549	16776
14004	18559
18336	23045
30375	30657
30549	18550
397	395
30552	29406
24933	17454
21717	14762
17278	3855
12160	16898
29404	16782
21282	3871
10075	10076
20277	8068
23011	3871
10069	8066
17317	30526
26918	3866
30547	5521
677	18555
17320	29401
14288	14280
16685	11143
1336	1341
10988	5520
3119	1713
29405	1732
1645	26954
26932	26929
23010	21926
16682	1732
29404	16772
30376	30657
10053	3866
17133	17449
4249	3871
3845	5508
22230	17342
10712	3866
21282	3859
5407	822
20270	27882
22229	3852
22236	17316
20277	5444
24933	17457
5595	21159
3122	20152
14290	14286
19418	10395
17133	15277
21918	9774
10711	10721
1342	1341
24933	28207
18553	30833
26940	26932
24933	17451
26909	3871
26981	26987
20264	20271
21719	21771
26954	3871
10977	4877
26983	26987
22232	28204
16680	14578
394	3852
27447	30830
30550	1731
20032	18544
3900	23045
11886	11878
16679	11143
17317	16782
12160	30657
16681	16680
17281	17272
30553	30547
9410	9391
22232	17344
30547	5523
30549	17343
20276	20277
16680	5515
21719	21710
18560	18552
26947	26955
6551	6552
22534	26986
21916	14982
12160	5508
10988	5518
4249	3859
26953	26932
26920	26935
10977	5435
24916	24915
10060	17345
29399	30657
16682	1718
17115	5955
29402	29408
24933	24927
6554	17339
11287	16898
18505	21775
19418	19417
26923	26942
5595	25934
11089	11091
16680	9779
10985	16782
5597	5594
19417	5508
22229	3855
26923	26918
3122	3124
10985	15259
13903	16782
10714	23045
26918	3875
10060	1728
17271	17277
5405	20149
3124	3124
26926	26939
27447	30828
26920	26922
21923	18547
17112	1340
26988	26987
20030	16898
26009	20032
26927	26951
28912	3844
29399	1731
21914	21920
10977	4867
20249	20260
14289	14287
30549	25935
10986	10984
30553	16901
24933	17461
17130	17127
21721	25930
1343	1341
3900	30657
10060	1731
17319	29407
3500	7017
20258	3871
16680	14983
5586	21159
17133	1732
26924	26953
18554	30835
30399	30396
17115	14403
10720	10714
20270	27893
16682	8677
9397	9390
18561	18558
10069	10062
15336	15769
16680	19324
21920	19578
3122	3125
21933	18547
9608	26007
14288	14283
24933	17460
17268	17270
30373	30659
10710	10711
9401	1732
22230	10698
17278	3857
16685	16776
23011	23015
20276	4198
10985	10975
18336	1731
30367	30375
18503	1731
25372	18550
11883	26943
22534	22533
3127	20867
25376	25375
17278	3852
10985	5515
13910	29395
26924	26957
2668	3847
13908	13903
18506	6272
11881	26919
11089	15770
10986	2578
21920	19575
17319	17321
26927	26945
21936	9781
17320	18547
23011	3875
3988	18550
30549	25930
3872	3850
10985	17582
14288	14281
20276	20270
17277	17276
26955	18552
22236	22234
11881	26927
30525	30523
26403	18506
26957	26956
13909	16772
21704	21159
6565	3862
22534	22540
26939	28204
18506	18501
13907	16780
17320	29403
18506	16898
14280	14280
16685	16680
18091	28208
10075	10069
21918	14982
1338	1337
17126	30828
9391	9404
3845	17343
26920	26923
10053	3869
10985	10986
1340	1344
18506	18503
4248	4246
9410	9413
17268	28204
13783	18550
26918	7518
22229	3875
10983	10980
13911	5523
25374	28208
10075	10056
4249	3877
22229	3857
18503	1728
21916	21920
10985	10976
19418	19885
16682	1731
18506	18504
22227	22232
17133	17453
13911	16782
10983	15632
20276	15623
26939	28180
21936	19577
17133	16776
16679	1732
5411	30371
30552	5514
3119	20148
10053	3875
22229	10712
6271	21776
1342	1339
20035	20031
20033	15266
12157	12160
13905	3857
20029	18552
17278	3873
24933	17448
6565	3875
20034	3859
30373	30657
30399	3867
10053	3855
16684	11143
26949	3871
10718	10699
15337	11089
24933	17459
10985	17583
11287	27182
30525	3869
17281	17269
28908	28208
21710	5508
20259	18547
11287	23045
3845	21776
20276	3852
21914	14982
6420	6419
30549	1731
10980	5436
16682	24914
30549	25926
6564	6556
20035	18552
17268	28180
20034	3860
1645	26917
10075	10054
30549	30547
21719	3867
30549	1728
11287	28227
6272	5588
672	674
19417	15276
11886	26927
24933	24919
18552	18545
21923	21934
17126	30829
26951	26951
10076	10064
9392	9390
29399	22231
29404	5522
21710	1731
17112	23205
24916	17452
10985	17580
10983	15266
10062	4194
22531	22531
13911	5522
519	30831
18086	18085
20033	16683
30549	30554
17263	17268
26403	18505
26954	3857
17268	18547
13905	3860
13903	16772
20266	20263
9410	9397
11093	3868
3122	12255
14402	14284
10061	10071
30403	30401
10075	10070
17281	17275
2668	18547
18558	18547
20277	16782
20035	1728
10053	3871
30410	30396
30552	25934
17278	17271
10072	310
21721	28221
6273	6272
10985	4547
12262	18547
26920	26909
16682	30832
23009	18552
3845	28209
22539	22533
5593	5590
28907	18550
22229	3862
3122	20867
17114	30835
26957	26931
3500	16939
10075	15632
21925	21930
15337	393
11880	26947
19417	16898
6557	6556
6420	6423
18505	18503
5405	1713
20258	3855
18554	1731
22235	22232
29399	15264
3845	16898
11886	26940
9395	3866
10708	10702
20258	3875
27447	30829
26945	26929
30547	1732
17268	23045
16682	17458
14280	14285
21920	19579
20276	5441
17279	413
12160	19417
3869	3872
6554	1728
30553	21159
14004	14005
30405	30403
28910	19880
21721	21159
21710	16775
14288	14278
14402	14288
10985	10983
23011	3856
10063	18550
21721	21710
19418	28906
22534	26989
18336	23050
21935	19577
10061	10055
1645	1646
22235	10710
28910	28911
13905	13911
10714	28180
30525	3871
13905	3852
28913	16938
6558	30657
30552	30550
17115	18337
10985	23884
25373	14531
21935	21920
18336	30400
9413	9392
3848	6550
29404	5438
20033	15277
26920	3871
3118	28232
14287	24918
22232	28180
30525	3852
11886	11884
18088	17444
17133	17457
17126	17118
5953	1731
17317	13910
5411	18547
29398	16782
13906	5438
18502	18505
30552	16907
20274	29395
3845	18547
21935	14982
23011	3874
1340	1345
16435	28906
16680	16684
21719	3871
5953	1718
5953	30828
13911	29402
9391	9400
17122	14305
21721	23045
17273	17268
26942	3861
13906	1732
27447	30834
12160	1732
12160	12839
10977	8063
6558	6555
10062	4195
19418	19867
10983	10981
11092	11091
1336	1338
20258	3862
19417	21775
21933	5413
6553	6555
12160	16775
10986	1732
5407	825
26939	1732
17274	17279
7875	18559
10985	11176
10985	16772
17121	1731
13903	16784
30552	21159
28909	18547
19418	7462
26954	26937
26935	3871
10983	15277
20264	3104
21914	19577
10718	10700
10075	10062
17268	17262
18336	30401
394	3873
20034	3878
21923	20037
21710	1728
10985	15277
3122	3123
10989	23051
20265	16780
17272	17279
16683	23051
5409	18550
25375	25376
14289	14291
30554	18550
17445	26986
3900	5936
20276	3855
24931	24921
18503	5508
26985	26987
18336	30830
1646	26919
30395	30408
26905	26933
17126	17115
22232	17340
21721	18547
14288	14279
10714	1732
10703	10721
22229	10709
20251	15334
26920	3867
23014	3499
20264	8064
3845	28221
19417	21159
10076	10065
10985	16777
29402	29397
10986	11538
17126	30830
21710	21714
9391	9413
26920	3852
20264	8066
19417	19881
26949	26942
17133	15276
17115	1270
29399	1728
19418	19416
5955	18544
10988	5514
6556	18547
10717	10703
21723	14760
30396	30395
21282	3877
12160	15276
6565	3855
21283	15770
10986	2599
29407	16777
29402	18547
16685	15276
1644	26924
20033	20029
21723	21711
18553	1731
3849	6563
19418	16435
17133	5523
21721	25927
18562	18558
1647	26926
21916	9777
14282	14289
13905	3855
11885	26926
17121	30833
17317	20268
23011	3862
26939	23045
1645	3875
22227	10719
17115	27446
5416	5411
17126	17127
20277	20263
27447	1731
26918	28595
30550	1728
30548	18559
21918	21920
21722	21775
17126	3859
20272	20263
30523	30524
6561	3499
29404	5435
10985	5523
20276	3857
21936	21920
17112	11048
23011	3857
30550	17339
21723	14762
20276	3871
13905	3874
19417	15277
21920	19572
14004	3865
21719	18547
23011	3868
10985	10826
26984	26987
22233	17342
3845	1728
10985	10979
20259	20248
26943	26939
20251	20260
28911	19876
17278	3862
29404	18547
20251	15335
5593	5587
9414	9407
392	18550
20272	20277
10988	5523
22229	17339
30403	18552
17278	3875
6420	18544
18548	18557
17270	17276
6565	3857
17320	17321
6565	18552
20035	17339
17133	18550
20277	16784
3867	3872
17114	1731
17445	26989
10980	5437
3118	3122
20251	20262
14289	14289
1337	1335
14288	14282
3900	5911
26954	26920
10979	10979
7875	22610
5040	18505
17133	17460
22234	1728
10395	19867
26917	26953
1338	1339
6565	3856
21723	21709
2668	18559
10719	10714
17121	1718
21721	30506
6563	6554
14285	14285
10983	10976
4249	3869
14280	14290
21724	21710
3122	3121
17112	17133
21719	3852
22234	1731
26942	3871
1641	26943
21935	9781
14280	14287
20035	17345
18547	18557
20264	31019
24933	17456
11886	3875
10053	3860
10985	7267
10714	28204
3845	19865
30399	30394
672	18552
5591	21159
10053	3874
21916	9773
21933	21927
1343	1339
3845	30657
17314	17321
17122	17120
672	30657
10393	18550
1642	26928
24619	18550
21916	14578
21721	28227
27805	18502
22232	23045
18085	18086
10977	5437
21710	17343
672	677
11093	3859
17113	17127
18336	23054
3845	16775
3855	3872
30526	18544
11882	26928
21723	21706
519	1731
1346	18544
23015	28196
18505	6272
17133	17461
18503	16775
18547	18560
10985	14579
5405	5413
21722	18547
27805	18508
1395	26986
519	1718
17126	1731
22609	23013
5597	5586
18907	25377
20275	1708
21722	21710
24927	19574
15337	21283
22539	22540
20276	3874
18503	17343
14005	16898
672	3868
26927	26957
30549	16898
10053	3868
30371	30374
5591	25934
20276	20275
19418	3991
17133	5521
3125	18547
26937	18552
19418	18907
17126	1718
10980	10976
6565	6553
26008	20033
10981	1731
20273	1732
21920	14982
15336	397
6565	3874
21920	19573
20276	15634
21918	19577
16436	16938
10983	10977
6565	6551
21920	21932
11886	26917
12251	12260
21936	14578
11093	3871
21717	21158
20276	309
15337	4245
17112	11049
3122	1713
21936	14982
20256	18550
14403	18544
16685	16684
3845	19868
16680	16679
3900	5924
6554	1731
14285	14291
19418	16898
3845	16907
30367	30373
16684	1732
30552	5520
11886	26954
6419	6416
17124	11047
10718	10717
5413	18547
1395	18547
26990	26987
20275	1731
3845	3846
22232	17342
24933	28217
21923	20053
6417	6420
30553	18550
3122	20866
30553	30554
17112	18556
6271	6272
11881	11884
17115	520
11093	3877
22233	22238
5953	7466
3500	7019
1337	1341
30553	30549
20268	5442
30547	18550
16685	15277
10710	10718
29393	29392
10069	15623
9394	9401
17317	20274
21923	30629
21721	30657
20035	1731
21916	19577
18544	18552
18553	1718
22234	17339
18549	18546
26923	3871
9395	3875
29404	16779
6273	21774
17262	17277
6565	3868
23011	28197
19418	26068
30399	30409
19416	28208
21719	3875
30549	30657
10053	3859
12160	12159
6563	18552
29393	5509
17411	2796
12800	25758
24690	24777
11316	13380
1211	20037
11297	8471
21527	24731
12996	10275
5941	17461
13599	24734
2599	2562
30790	18587
5943	5932
11175	11180
421	410
15277	1721
17405	19579
15464	19874
8561	12831
12984	1732
19113	14578
27407	20050
13346	13380
28060	28072
24548	25928
26798	26789
2571	7275
2577	28183
28193	28226
17617	20053
8035	8050
25237	21870
24570	1721
13599	24735
16389	24731
19875	28181
11175	5515
11171	15465
25138	19324
29433	16939
28063	16774
12984	20986
21241	16907
4550	1726
10832	2835
2198	24731
17405	17393
265	7231
2201	24736
5947	25388
27393	27402
5846	28167
20803	30362
13370	13388
27405	27412
17393	17392
28061	28142
25002	25007
15438	24105
2197	28201
15265	16777
5899	19575
21533	22255
17411	2782
30521	30657
22485	24735
17411	17397
12791	12790
15263	1731
422	409
11320	7509
8571	12831
12780	17456
2588	2562
13353	13387
12081	12078
19863	19876
24187	24184
12767	5515
15259	15271
5124	5123
23199	17460
27401	27398
12986	28144
8785	20824
14586	25238
19130	19127
23197	23203
2563	20037
12989	12988
15466	24739
19861	19871
8679	5523
30512	16901
28183	1732
19122	19105
12777	12793
8565	12831
4549	5520
8562	16925
24546	24563
22316	30629
22206	588
19711	24733
15441	15441
15448	2788
12786	19873
5700	11301
15459	5527
17411	5515
12810	21772
11175	1732
24775	24780
5699	4197
17401	16774
8679	8678
28597	28589
8566	25386
24546	24559
1323	825
11331	11325
29042	29036
22299	1212
23200	17461
30505	21159
6947	6951
17150	26796
7521	7523
30640	30647
1727	16336
12992	10269
21526	832
22303	9779
17407	17405
19717	24736
11175	20202
28180	30657
17390	4264
2612	1732
2721	2734
13384	13380
5915	20966
7531	7512
15277	15256
6615	6635
12818	1731
17414	17424
15450	4264
6351	20867
12812	25927
3063	3065
17407	17393
26789	11294
8563	16925
29032	17046
12769	1731
13384	13352
28199	28184
1707	15277
29436	29430
11331	1726
8786	5523
27100	27040
11255	14581
11172	11174
12770	12805
17399	17408
15439	5521
537	587
8716	16259
832	4264
24547	24557
11533	12477
22299	16934
13385	13358
28176	28223
28061	28061
27061	27055
27048	27101
22316	6639
21236	21252
26801	28167
28225	3063
13599	13599
12812	25934
13598	20053
2200	5512
11145	22201
17414	17415
6949	6594
8684	25759
17399	28185
14586	25242
11181	27162
30870	821
23199	17461
11311	21873
25238	5520
17413	2794
14764	14763
27414	14577
17395	19324
1211	3746
17424	2780
5846	5841
2571	7274
19115	8127
18106	25006
11311	5520
13738	20036
24692	24681
2198	24738
26801	8127
5948	17456
30644	30646
10833	1732
537	12477
2197	24738
28166	20290
17405	17402
15439	24736
8583	8175
5943	5940
28143	28164
8563	16901
28049	28066
30863	19140
27397	9777
16385	5515
8576	25924
28069	28074
418	21155
5623	24090
30501	30518
5445	13354
12775	3746
15267	24187
15438	24739
25350	19572
29031	24777
28476	28479
23194	19579
1707	15263
12984	28230
8785	5518
17421	28142
13382	1732
5941	17456
30521	30503
12996	10270
27056	17044
7572	24690
12984	14578
22299	22295
27036	27045
8047	15288
28161	28223
7915	7914
5623	24100
6951	26902
25240	25244
23197	23195
13598	31121
24563	19879
24185	24189
15256	1731
7570	7769
19104	19130
12070	12078
17414	17421
8674	12088
17419	17402
17419	17424
8678	28185
5899	19578
532	20941
2604	12481
11329	11301
19711	24736
8566	5933
26511	24735
12813	2798
17414	17399
11314	11334
8679	16776
22491	24733
28172	17461
17151	14765
11318	1732
26255	28191
22490	24731
22720	687
2599	2589
22490	20202
9773	20052
30505	30514
15436	19874
6634	23901
19874	19868
2604	12482
11145	11142
5633	24083
25001	25003
12791	12786
28226	28168
2571	7256
27411	27402
27100	27082
30864	12481
28069	9775
12819	5508
27093	27078
12819	5938
8785	5514
12813	12086
9777	20053
17413	4266
28478	24777
15274	5523
26789	11324
13371	13364
20805	20822
27058	27094
15263	1722
832	836
8561	1726
27397	20052
6640	19574
27071	27101
17419	1732
17618	830
12780	19884
28063	822
15257	15272
18589	16939
21230	21222
27034	27082
9776	28478
15451	24739
11315	19104
8563	16898
10268	10273
21533	15439
2583	2593
22480	24733
11320	7510
24076	28157
12809	5948
12989	8565
11175	11183
8578	5936
15459	5520
13361	24778
12773	12804
30507	30513
14238	12088
19108	20037
27413	14577
21526	24103
2599	2595
15278	15262
5936	5951
2618	2614
24185	5512
7912	19573
8582	30657
5942	20822
12775	418
2563	807
7574	7569
15276	1721
12797	12802
28476	5520
22322	26902
5639	24083
28190	1732
2198	24734
17620	24736
11533	12481
23196	17457
28181	28164
17408	20820
12802	1711
268	7230
25243	21875
8576	25920
17414	17417
30644	20286
1710	1719
8684	5525
4545	3305
29046	29048
17421	28224
23198	28211
8580	2262
19390	369
7566	7572
16383	16382
2204	7523
542	20051
5623	24070
30864	12479
16396	16406
27093	27045
12767	1726
21525	24731
24099	12086
17414	14982
16385	2795
264	268
12813	5520
7983	26902
5443	7565
12988	10279
15255	16779
15460	819
13355	1732
2604	12477
23202	19575
25432	687
12797	12805
27036	28054
24084	24074
22307	22311
27065	28074
15436	15440
6637	26902
6946	19390
28596	28589
2565	2592
5445	4870
20285	20286
5941	17451
22307	22301
14242	1732
28060	20202
8580	25925
28069	14574
12767	20206
1709	1727
24086	24099
27392	9779
12767	20202
8679	20820
5846	5845
12819	25055
28202	30657
412	28215
5899	19573
6629	6617
27092	27065
2607	7259
19104	19131
7978	7980
27071	27075
22203	19141
8684	5513
9781	822
5907	28233
8785	5526
23201	17457
10826	2830
11318	8127
15447	2799
13364	11325
2571	7273
12770	8120
30641	30648
537	28075
23195	17461
15274	16782
12782	19882
12775	588
11528	1732
9777	4264
13370	13348
8785	5520
5438	13374
8586	8571
22299	4259
20142	6355
23196	28211
6637	587
30865	12481
23196	17447
15272	15258
5623	24085
24548	25930
11250	14579
24196	24194
8716	16252
2612	2594
28069	9780
8683	5514
5436	16727
2198	28201
16388	21526
422	28173
2735	2727
27403	14982
8676	28205
25350	1726
8584	19862
25003	22256
12773	28228
22316	22301
21241	19884
8575	16925
21528	24104
11542	2616
24073	31121
27415	27402
12819	12775
7565	30657
19881	19877
537	28058
11332	11298
11301	11318
11145	22202
17389	17422
2598	2614
27416	27402
21251	21241
29433	5189
28197	30657
17407	5516
5936	28196
17419	28153
2612	2581
17414	2785
24687	1732
11539	588
12780	17460
18586	26249
17401	822
25340	19324
27401	14577
23194	17460
13359	1732
17414	17422
5436	5435
27398	14982
27061	28062
14764	21160
15274	5514
2589	2562
19717	1732
24570	1711
12813	28185
17413	4260
12986	16898
25239	21873
5436	4870
8573	16925
13379	7573
23198	17448
28157	9779
19104	6623
19105	20037
10823	2831
13354	20041
21238	1713
19861	19868
27065	28052
15438	4264
805	808
13381	11325
17414	17392
24568	24564
12819	16776
8046	9774
5846	5838
5636	24087
7568	5915
27071	17043
8712	8720
17043	5520
12809	28211
24185	5520
23204	17460
20144	20868
27101	28075
18589	28233
24087	25004
17405	28154
17407	2785
8567	8586
17407	17406
28182	28176
537	1726
29039	5192
21529	2788
15263	28593
537	9780
28061	4265
25345	24736
8563	12831
8046	9780
2599	2590
12819	5518
19395	19392
16256	16251
8576	1731
12987	8570
21528	24739
28216	28178
12821	8675
19394	3746
5841	14575
13358	13388
24195	24191
16388	24733
24189	24199
15464	24736
18112	2785
8576	1732
12777	12774
11300	8127
7572	12846
11332	11323
5943	5926
2594	2590
12818	1711
21251	1713
537	12482
8117	14579
19719	24736
5119	5123
17422	4261
7567	2722
13599	24733
11298	11327
28228	17460
15272	5435
8781	8786
19104	19116
28482	5191
17621	816
19718	24733
19862	19868
23198	17461
13600	20202
22485	24734
2562	2590
27034	27045
25237	25242
24547	24553
27391	27402
8707	16256
2607	7264
12998	10267
16386	1732
27407	14577
12805	25048
4545	28161
6622	6647
6622	20037
17407	14982
23195	28211
11533	12474
827	836
24556	24569
17413	2785
26795	26797
30504	16907
23197	23196
17414	2794
8682	20813
12780	12769
16387	2788
28057	2792
17417	28185
11298	2722
5122	5125
25137	2784
8033	15283
12809	5512
27036	819
8575	12831
26789	11313
16381	24733
12784	7573
12775	421
11321	11314
5937	5931
29039	5187
23194	19572
13373	13353
1727	28204
12775	12482
5916	5919
27036	27052
12987	5514
28177	28234
12773	12076
2200	1732
17413	5515
25243	25242
28221	1732
15439	5527
5621	1726
5944	5942
23197	17451
27038	27056
20807	19878
17414	5515
28158	25759
2563	824
11328	14571
19122	19113
12809	5939
24080	24065
24691	24681
28180	23048
28212	28156
28189	28193
371	370
13387	13382
15255	7774
12780	17461
2571	7254
13385	28163
15436	24736
2563	20047
15436	15463
15436	2799
16386	24731
19866	19868
7531	7523
12810	1711
12797	5508
23196	17460
28067	12086
27071	822
13376	13352
8565	1726
12813	28154
10268	10278
7915	7912
18109	4264
2203	24736
27040	27078
25350	19323
24074	822
12786	8127
5624	18113
17621	24736
17418	17397
5939	17456
21528	24103
8785	16776
22491	24736
27036	27068
17419	2785
12809	12086
17415	17418
11320	7516
30868	587
8569	12831
17405	14982
8674	12086
8707	8697
815	20047
30500	30657
23194	17453
18590	15281
23198	19572
5443	11322
8119	8121
22316	9779
16382	16382
28067	28076
27036	27055
30513	1732
12812	19882
4123	24731
27024	27101
1727	1732
6615	19322
8050	15290
12813	14578
11339	11303
5944	5928
8565	16925
15439	24733
24189	24188
2735	2734
2598	2625
28069	5510
5841	14573
13351	13348
17406	17424
29044	28169
8785	8675
6952	6951
2203	24735
8680	1732
832	819
12809	17460
8674	2798
27395	14982
28596	15277
12809	17461
19395	20053
27038	28065
12806	28157
15436	15449
22488	31121
8680	17400
16385	14982
8035	8044
1727	29904
2722	24777
4123	822
9777	805
7576	7569
12819	12791
27055	27053
23205	17458
12813	20822
11175	14983
28061	1710
12805	25049
26802	26789
2198	7525
8674	17403
22488	20053
5943	5933
12780	17446
23198	17457
5447	13360
12819	12796
31124	31122
11299	11304
15460	15460
12809	28172
11332	11313
25244	25242
28482	5190
24077	4491
30505	30513
12780	16907
25236	21875
7574	25386
25141	24733
17413	2798
12802	1731
11320	7524
14595	25242
17421	822
12775	12805
12787	20804
8681	14983
24074	12086
22485	31121
5843	5838
17418	2797
6953	6941
11332	5525
22297	22311
19114	19105
15268	15271
15442	15458
12815	17454
537	28054
8674	17407
4546	1732
30502	30513
532	20945
1707	3063
2607	7261
17406	17423
24685	24685
30647	30650
12791	5932
17414	19572
8680	1726
25340	1732
11519	11539
16385	19575
25350	14983
269	265
30874	30866
19116	19128
2577	2562
537	12479
20142	6357
8683	5523
8035	8045
2197	24735
17419	17390
12998	5930
821	815
19717	14982
28199	28225
2204	24731
5943	5941
541	28161
28066	4265
28172	17460
17421	28222
8676	5509
11327	1732
8697	8699
5846	9779
26254	17446
19874	19871
20803	30363
8676	5520
15255	31236
25239	25242
27033	27053
8117	5512
22203	5520
25340	14578
17411	17403
22775	14573
1717	1712
12764	14983
5845	5838
8785	5523
10825	2836
15464	15449
8567	5946
27040	27068
24559	28194
7912	17460
11519	2616
5915	22293
12991	12994
4487	20050
11306	11304
17407	28150
24185	22255
8046	8028
5699	9420
17411	28185
22302	22303
2195	24735
5443	5439
5445	5433
23887	23889
7567	7569
20141	20145
6637	19322
28060	28074
14761	25931
16385	9781
12775	28075
11184	21772
27413	14982
24688	24692
12992	16943
30864	12475
27414	20050
30864	12474
8716	8707
7979	20037
2607	7258
8572	8584
542	588
12809	16774
8679	16782
12768	24736
8785	20820
12773	28152
28054	28048
28057	28057
26793	21159
4550	30862
12078	12082
26793	26795
21530	24736
12775	5514
12986	16939
15436	2787
9774	20050
8684	21870
13376	13364
19119	19126
28182	8127
21526	839
22307	22320
18589	15281
12813	19324
30865	12478
532	20946
17405	17412
28232	28196
11301	11314
8712	8697
30650	30653
25347	24736
22306	22311
20814	20823
23201	17461
14958	19574
5437	13354
30510	30518
2612	2583
6622	19577
25349	1726
22772	14584
11300	11294
5615	24096
15450	2798
19863	19867
17414	14578
2571	7276
22784	14584
5943	5934
12775	28068
17419	17401
2198	24735
12770	1732
2598	2569
12814	1711
15467	818
16389	21533
13599	15443
8578	8579
5916	28167
537	12475
19121	19111
16383	2795
12989	10279
27040	27045
9777	2793
2571	2576
8682	20824
11181	5508
8571	1726
22722	19140
8684	5520
2584	19140
12810	17343
17413	4264
5899	14982
22775	9779
17419	17417
12777	25055
1714	29926
12791	5514
15450	2782
8584	8586
12765	19324
11185	2798
17411	14578
17407	2792
17407	28154
24195	24194
26801	19868
12773	12807
27411	27408
24680	17046
12987	16776
29039	5190
26254	28155
24546	24560
15276	1732
21234	19884
30863	19141
814	819
15276	15255
11320	7514
10827	17581
8117	1732
422	28215
23202	19572
27071	27053
12813	12809
18590	5917
28069	28058
30790	18586
22296	19322
26254	17453
25345	25340
15464	24739
21526	24733
17413	19579
21242	1713
10833	10823
17043	5627
28596	28592
27041	27101
13368	13369
2200	24736
8035	8031
7567	30657
24688	5187
5436	15640
21528	24736
25141	20202
15436	28192
24547	24571
7572	2722
30513	30657
8581	1732
12778	1731
12791	5934
811	3746
15262	15258
7567	25388
5917	22310
19868	24549
8035	8041
10826	22253
10826	27160
17388	14982
12996	10271
11320	7515
2577	28167
272	265
11533	11531
17414	28153
12813	1732
17414	17393
8676	20824
19123	20037
532	19141
27064	27028
28186	805
17409	17390
2581	2586
26254	28143
12984	9781
12819	30502
26793	26789
26511	24738
12819	1732
28157	26900
7569	12846
20291	20286
19121	19575
5436	1731
11533	12483
19121	20053
6637	19574
811	820
8119	4541
12765	14983
12769	1717
808	808
17393	17410
26254	17459
12780	28200
14593	1732
30521	30518
11295	11303
23197	23202
17411	28154
824	836
27075	27068
30864	12482
24688	5192
2595	1710
2580	1732
15448	2782
25141	25138
12813	822
15436	15461
18110	25004
11533	28071
12809	17456
29044	29038
1727	1714
12812	28200
11181	5523
24074	16774
23202	17460
2197	24736
13373	1732
12989	12986
21526	24736
11320	7517
23198	17453
30655	30647
12773	13282
9774	9781
17618	4261
532	16776
5445	8063
5434	13374
30865	30870
28156	28177
28176	5520
23197	23199
11311	11336
1319	24733
5435	5440
8786	16776
28049	28074
824	3746
5941	17449
8675	1732
16256	28183
5899	14983
27052	2795
12989	8563
12800	25759
8035	8036
8674	14983
28228	17446
28158	5512
22204	21156
5445	8084
2721	2727
24544	28207
13370	13387
6354	6361
7568	5911
5899	26902
19121	19572
1707	5908
16256	16261
11332	11336
1726	1731
17419	12086
15436	16907
7257	28161
28166	30652
17407	19575
12717	4261
27060	27101
23196	19572
7257	28191
23202	17453
8050	8033
24780	22252
27034	27086
14764	21159
11320	7523
23885	23888
2613	8035
26254	17454
19712	14982
28166	30640
11542	8035
17411	2786
30516	25935
15271	15275
12797	1731
30510	25930
27408	14982
27406	27395
12809	12780
17417	20822
24687	28169
28182	16782
2200	28070
12810	15277
15460	15447
5436	1708
5841	5847
27048	27053
23196	17461
8578	8575
16383	16383
28073	2792
28186	808
22485	15443
4549	5514
23194	19578
28060	28052
21527	15443
7983	14983
5843	20052
19122	19126
11181	11173
20823	17461
25431	6953
13601	24733
12819	10267
17414	4263
12785	12772
12811	1731
30510	30513
20823	28172
4491	25004
8559	5926
11320	7522
28229	17456
20142	6356
28063	28076
20285	20294
12782	12790
27396	9779
30510	25927
25138	14578
1714	29904
12810	19875
30868	20053
19116	19121
5445	16779
8028	15282
27036	20207
5436	4877
6360	6350
17407	17413
12791	12788
12796	5946
422	423
15267	24185
28172	28207
8674	2788
18591	18590
29040	29044
25141	5515
27052	4267
5912	22315
24105	2792
27409	27412
10831	2837
2604	28071
17393	20206
3311	3304
11521	11539
6350	6352
21236	21238
23903	23904
2599	2613
27404	27399
27416	27403
17388	26067
5899	19572
10825	2832
8035	9772
17413	19572
22204	12477
22320	15277
2203	28201
5843	5841
25236	25242
8027	8046
17405	26067
5637	5626
5841	5839
8684	25757
1707	3064
8682	27161
1707	30657
8567	8580
8716	16260
13600	24733
18580	26250
27027	27029
27071	27050
12788	1731
28060	28053
16256	28167
21239	21230
1710	1726
15445	15458
2571	7266
15274	16772
25141	19575
11321	1726
24195	5512
8563	1726
12786	16901
5921	1720
26789	1732
22299	1726
28225	3066
13360	13374
10830	10823
12791	5520
17414	4261
27395	14577
12998	16776
27093	28046
13381	13380
11320	7527
22299	16898
12780	1732
11171	1732
28046	28064
24186	24190
27041	27094
7983	825
23197	23204
8567	2261
28482	20053
10834	10827
2725	2735
11174	5520
27409	27402
2589	2605
2591	7261
27101	27068
16254	28161
10268	10274
18590	18590
12987	10268
13354	24777
28063	28142
12812	28190
686	685
12812	21159
27052	2791
16382	2795
12809	19579
14958	19322
2571	7277
12813	14983
8698	19140
28178	23051
28075	28064
11308	26788
17414	19573
8573	12831
20144	20870
25141	19572
2607	7280
28188	29552
12987	8580
12770	5520
28218	28169
27034	819
12773	5514
5442	16772
18116	18117
8117	5905
22299	27410
23201	28211
17393	18581
11181	11179
17400	12086
12794	19883
23202	17448
17407	17419
28063	12086
23197	23194
5634	24077
15436	24737
17407	17388
2595	2585
11340	11325
24691	24680
21242	21241
12813	5515
11175	14578
2572	2616
17388	17417
807	836
19119	19113
19717	12764
5627	5614
2584	19141
7568	28232
2571	28167
7983	20053
23885	23886
1728	15277
17413	17417
23762	24733
22303	9781
15438	830
14242	28169
25341	816
17405	28153
13358	5520
5943	5949
30512	30503
8576	16913
23200	17460
816	830
11301	11313
13348	24185
269	271
6617	6628
17407	28153
8682	17452
15467	2799
25430	26902
12767	24736
11325	11304
29433	5190
5446	3104
7575	28232
17405	19572
17413	17397
28061	4262
27095	27101
267	265
2195	24738
7521	7510
17421	12086
15439	1732
8684	28185
15438	812
26790	11336
5436	16729
24080	24081
12773	13283
542	1726
30654	30645
5436	16779
24546	24547
20144	20142
5699	4194
15436	28200
24559	28217
12989	10280
8683	8675
12819	12802
812	836
17419	2792
8119	24737
17043	24195
2588	2607
20152	20868
12787	28192
23196	19573
30650	30644
11145	22195
12776	9776
19131	19127
11320	11306
21533	24737
17413	2792
24104	24069
15467	20207
21234	16907
2571	7260
13599	28063
28183	8127
1732	1726
1712	1732
17411	17407
14598	9772
11314	13548
9777	3746
11315	11307
8117	8116
17411	17395
27065	28065
22295	22320
19123	20053
17407	19572
21235	21228
8576	25934
17393	17394
27400	20048
17411	14982
2197	24739
12780	28190
30513	30509
12791	12800
22296	20053
19717	5515
17413	14578
17405	5515
21236	21241
17414	4264
6950	6951
8567	16776
24688	24680
24185	22254
12811	1711
19115	1732
8576	25932
2580	19141
24547	28164
542	12086
15271	13354
28229	17461
25001	22254
12787	28190
8035	1732
5841	14570
17414	17402
28172	17456
4493	4488
17389	17424
25236	21871
8679	20824
4492	25006
24195	22253
6944	6951
21252	1713
8679	20812
12819	12784
12812	25926
13347	13370
7912	17453
8569	25930
11537	19140
13599	24732
12800	12792
542	26902
28159	5520
422	1732
5899	19579
12767	14578
5916	5922
11145	22196
5443	11309
12998	12987
5621	12088
8674	5515
12998	10281
23197	23201
12777	12785
14585	27562
15438	15444
17392	17408
12998	5929
12819	12821
28185	5514
30870	827
12780	5514
30650	20287
17407	2784
8036	15284
30501	30513
24088	24091
9781	9779
6640	6617
8034	15289
16256	16255
28060	28071
28061	2787
11171	28047
8683	5520
8576	19875
816	4264
15450	4261
28158	5507
8559	28196
5911	5921
12764	14578
22316	30630
9781	26900
30504	28192
16383	2791
8675	8676
12819	25049
11181	8117
17388	19579
531	5510
2198	825
21530	24091
11328	9779
5899	5520
5445	16778
24067	24088
28175	17452
12809	12790
8119	2799
8576	16943
5896	5904
27395	14578
28227	23068
11328	9775
12805	25059
2721	5190
12773	13286
12998	5949
8120	8117
8046	8044
24196	24191
27071	16774
2607	7265
21526	24091
1724	1732
15438	24736
2729	28169
23887	26902
30874	19322
15467	15467
15436	20207
23195	17453
28595	28589
26511	5520
30862	30874
24688	5189
28069	28053
15448	15438
24067	12086
12075	12082
11320	7512
12984	4259
4547	1732
8579	5924
7576	16907
15281	16777
29039	5194
17388	5516
27097	27093
11339	11324
15274	28161
8682	8783
11324	11321
2204	5511
542	16774
19104	28167
28202	5936
19882	19868
25138	5515
25350	14982
12770	25049
27033	27044
21244	20867
11186	22253
12790	12810
12791	25925
12770	12776
418	422
24096	18110
8684	5507
5633	1732
17418	5515
19130	20050
7983	20037
5941	17448
24546	24573
8119	2798
8567	8175
4548	28161
8713	1732
17419	4264
29433	29433
2204	11325
8034	8033
7569	16901
8679	8676
17405	2800
4490	25001
7578	11338
15465	15464
30864	30876
19394	19392
28229	28186
23202	17447
8047	8033
7565	11309
15467	2788
5613	5626
6615	6617
2615	1732
15465	15439
7915	20806
8780	8679
11332	11325
20823	17451
7567	7769
8035	28179
2203	2196
6640	6635
16163	16168
26795	25927
22487	20053
27036	27086
12773	12795
11342	486
27039	27089
6942	6951
25138	14983
2567	26902
29044	1732
23194	17461
8683	20812
12821	12773
7912	17448
5905	5896
7567	12846
27397	14578
5841	14572
19104	19127
28184	28147
27060	27044
13370	5519
5913	24187
2599	2588
16389	1732
5846	5843
28221	16907
5444	5433
8576	8557
11171	24737
22296	20037
20152	20142
2595	2562
27072	28074
11329	11341
11322	11314
30504	16898
28227	30657
14958	14959
20966	22293
29440	5187
1211	14982
2583	2562
13370	1721
22298	22307
8581	5940
26795	25930
22316	22302
17615	24731
13599	24731
30644	15743
2607	7262
27048	27086
12797	1717
16400	16403
12813	14982
27406	27400
17419	17399
24189	24194
2198	2196
5936	5950
5439	28188
27034	27055
12987	2261
8046	587
11533	12482
4550	30875
19863	19878
8586	8565
15443	24737
16386	24736
17399	20805
11321	1732
11318	11294
25141	2791
8578	8571
24548	25927
8586	8575
11171	28050
23762	24736
19116	14577
7511	7509
8568	8581
28215	28231
21247	1713
27055	27088
28160	5522
22204	12483
26801	26794
8035	15285
15460	20207
2721	5192
11533	11535
28215	28203
28479	26902
28069	28065
17419	2793
1323	24733
15261	15265
12777	12814
19873	19871
17411	17392
15272	16779
28180	28216
24547	24558
22485	24731
22300	20037
30862	1732
5907	22306
12773	13285
17414	28154
30865	12483
17148	26793
8786	17452
12819	12782
25350	1732
5915	28232
27071	27045
30515	25927
17620	4261
22299	27404
28166	30651
12809	17453
4550	28069
28069	28045
9777	20052
17414	17397
12821	5520
21526	24067
23205	23197
2604	2567
8575	1726
19131	19116
24548	25931
8117	5898
9773	9781
15436	1711
13352	13366
9778	5512
16256	16250
14761	25927
17390	4261
24099	24095
5841	5840
27034	27101
2729	1732
20807	19880
8674	20822
13598	3746
12071	12082
28067	28142
25341	24733
12777	1732
6637	20037
12996	10269
13383	13353
22722	19141
6947	20053
12775	12790
27048	27055
28186	1726
27038	17043
14594	14589
7578	1732
5941	17460
21529	24736
30505	30507
23197	23200
9777	12086
21528	24091
10826	5520
27039	27028
17405	17423
1211	20049
8786	12087
19864	19871
24196	24199
15436	2797
21244	20152
25241	24777
30510	21159
6648	685
2731	2720
17423	17415
12984	16775
21530	24103
12984	28144
5435	11322
17413	17412
12988	10280
5908	1731
24189	24191
16389	24736
369	687
12793	1731
2604	12483
24074	28142
2607	7278
12775	28058
11537	19141
23195	17457
19884	19871
24546	24561
24559	24567
12764	5515
12788	1711
15436	15469
25350	24736
11533	2611
13348	24187
8122	21870
535	19141
7912	17461
2584	2627
6945	6941
12085	12078
22490	15439
11299	13380
5701	13354
5941	17446
7912	17457
21528	24733
5916	8127
12805	25055
11320	7513
2195	28201
22306	28161
5950	5951
28163	1732
8119	12086
11315	11336
26791	26789
8786	5526
28076	2791
8785	20803
28479	20051
27401	14578
5123	16901
5947	14980
8684	16776
8578	8573
5439	30657
21225	21225
9780	16159
28076	2800
26254	17456
27035	27094
27397	14982
11171	11184
418	21154
10830	22254
2204	1732
1727	1726
17411	14983
7567	3404
5899	20037
23900	9180
23194	17457
12809	17448
21532	20053
11531	26902
8679	5514
30517	30513
24195	24069
30515	25930
7569	29434
816	836
17388	28153
25428	20048
2203	24734
28592	22772
2595	2586
2604	12474
12797	12812
30868	588
21222	21220
21251	20141
17413	4261
8567	8570
8785	8678
5636	24101
10825	2833
23201	17460
17414	17416
27416	27400
17414	17396
271	7232
8576	25923
22320	16775
11527	2616
8720	8699
17407	17424
4545	3318
20285	20289
8698	8700
11175	19323
24546	24541
12797	28190
2604	2602
12072	12082
12773	12073
11331	16776
24185	22253
5904	7573
22322	19322
8576	8569
19717	19572
23203	17460
9772	22720
30519	21159
5937	28196
19114	19126
1324	21527
10833	12086
15438	24067
28069	14578
25141	1732
12813	5925
6357	6350
17620	816
2203	7525
12812	1732
537	12483
8566	7769
13358	13379
22780	2722
12782	12778
5908	1722
14587	5188
28596	15276
28063	28049
1323	1322
19863	19872
15269	15276
1727	29926
28067	28596
267	268
23204	17461
20144	20867
15445	15450
8035	15286
15255	7770
27398	14577
21530	21526
27401	27414
17393	17389
28234	28170
11171	4541
12813	28175
13435	24733
25141	2781
18579	26248
4123	24736
24688	5190
5915	5916
17407	4265
27400	26900
5931	5944
8566	1732
25141	24736
11175	24736
17388	17397
17413	4267
10830	17581
8117	5900
28593	5519
24074	24095
25001	22255
27101	27078
21236	21251
5913	24189
2571	28183
27415	27407
22306	28191
24195	24199
30641	30650
8681	28154
20967	20037
6594	369
8583	7770
12074	12082
12984	5515
16386	16385
30790	18582
27401	14982
30512	16939
28069	5515
17414	2792
19880	28217
26791	26790
832	830
12819	5520
26334	26331
13351	13387
12778	1711
28482	5188
15266	15271
17388	14578
14241	17046
17416	4261
17406	17412
24080	24071
12809	5520
12764	1726
28152	13283
28049	2792
26256	28161
26254	17457
27040	28068
27035	27101
24195	22254
19104	26900
22322	19574
28159	5514
13374	13354
17405	26066
5441	5446
12773	1732
17407	17411
1709	30657
15263	16777
5947	3404
12770	12811
21236	21242
21238	20141
2589	2615
27083	27104
9781	818
28172	17451
12775	20053
19879	25929
8568	8566
5841	14580
4545	3311
2612	2593
28061	2797
13383	1732
5123	16898
18107	20052
19875	25921
17413	19575
12812	14761
8684	20813
8576	25928
30642	30653
30504	16928
2203	24731
23198	19579
8035	8029
368	370
11339	11336
24074	5512
12796	5937
25244	21874
14761	25930
20148	20147
19873	19868
20285	20283
27071	27052
8674	1726
11341	11304
8117	5515
28063	28052
24688	5191
28156	28212
19718	24736
8562	12831
8680	17407
17397	17404
28478	20051
2200	24737
22301	22311
11330	11321
29039	5191
8582	8564
27058	27101
8586	8561
11181	17150
26511	24734
12766	24733
23194	28211
15256	1720
27085	28071
21252	21241
15436	15468
20989	14983
15436	1732
24570	1731
12992	10272
8567	5936
25244	24185
30644	20289
15451	831
12819	12794
12772	12795
17407	5515
5941	17457
8576	25927
19119	19105
26258	26254
8674	14982
11298	28215
7567	28215
12775	12086
5436	5520
11315	11311
5633	5628
11329	11296
28482	5194
19880	19869
23205	17452
27034	1726
17411	28159
17421	17397
30865	12480
7567	3407
19866	19871
19863	19886
6630	6617
15255	1732
27029	27098
5444	16772
28182	28223
686	6951
8676	28185
27408	9777
12773	20809
17418	2791
12764	24733
12717	24736
17396	4261
8116	4540
5445	4877
5627	5621
25350	24733
2599	2593
27036	27101
17393	18585
29433	5194
23201	17453
810	817
26258	17458
17410	30797
24105	24067
6352	6361
13356	13382
17414	5516
17406	17399
25141	25137
8584	8576
2203	24738
12787	19866
2204	28067
17043	17044
27075	27045
15438	24071
11338	14593
27065	28053
27036	4264
12764	1732
13385	13359
8784	21870
15436	28190
12800	3358
2625	588
30505	25930
12774	12772
2571	2562
22775	22770
17396	2798
18590	28232
28067	28052
13599	31121
27089	28065
8679	5520
21242	20141
5947	28213
25349	20207
12998	30657
16401	2619
19104	6625
13369	13380
12819	28158
24547	24542
6622	3746
30864	28071
11330	16776
5844	8127
8571	16925
22204	12482
13355	13353
537	3746
15459	1732
12773	12787
2721	5189
12819	12797
19114	19113
8586	8562
28063	28072
2563	811
12766	24736
7567	14980
5623	24093
8579	5911
5899	22487
15257	15271
8570	12783
19883	19868
27060	27094
827	3746
7567	25386
537	20053
16385	14578
25340	14982
20148	20867
28182	20944
8580	16925
26511	24731
21526	819
2571	7253
29039	5189
6351	6361
11257	14574
11145	28194
422	3063
11175	5520
8674	5520
13358	22784
12773	12079
5944	5948
17619	24731
27406	27402
17046	24777
19131	20052
26254	17449
23196	17453
30798	18579
7511	7523
20803	17452
17424	2794
13353	5509
5841	14576
11174	21872
27403	14578
418	21153
12775	5520
6358	6350
12773	13284
5435	11309
28221	12839
21529	2799
12780	28192
8675	5512
26795	25928
23195	17460
5441	16772
17403	12086
22295	7576
7578	21773
12775	12817
15262	15274
8674	28154
13374	13385
12984	12986
21526	24105
17405	17424
11297	14337
14583	14590
17407	20813
29440	29433
7983	7981
30644	15742
19717	14578
28060	28051
12812	12790
8035	8033
8676	8684
17410	18583
12809	822
24198	24188
12819	12770
22834	24549
26333	26330
27071	27094
8679	20813
19123	19125
815	20049
25350	5515
23203	17461
8584	8562
17414	19579
12813	5507
24066	24074
12773	12790
11186	27159
1211	14983
21241	28200
19862	19871
15464	15461
26795	25931
28202	28206
14239	14240
2718	2720
27034	2800
28482	5193
24104	24103
12780	5939
8684	5515
24096	31121
13371	13352
12780	17451
18589	28196
12810	16775
11325	11321
11538	2619
30512	28227
812	4264
22296	26902
13600	15439
20147	20142
12989	8575
17043	5512
17392	28185
11331	11315
8117	1726
7567	11332
17393	17409
11175	24733
13601	4261
27065	28068
824	820
21236	21247
23760	816
27033	27094
30865	12479
28069	586
27025	27093
30500	26796
24088	24103
16381	21530
29433	5191
17407	17399
413	412
22483	24733
13376	13380
24092	17044
537	28063
5443	5440
17388	5515
28069	9180
5944	5946
30644	30643
807	810
8674	28185
27408	20052
30512	30509
12782	28595
28479	9781
17043	24187
17406	28153
6617	20038
15269	16776
28191	28223
7912	19572
16385	16385
28218	1732
424	411
15447	15447
8046	9772
27100	27094
20987	14982
8050	8037
5844	1732
23196	19579
11527	1732
24547	24565
2604	2611
8576	1711
25242	25234
8034	8037
30519	25927
19875	25925
20143	20142
17419	17412
6354	6358
27066	27093
12816	12790
13381	11306
17413	17390
17043	24196
28597	7525
11144	22253
19717	588
25238	25234
8562	1726
21226	21226
12772	12790
16256	16257
28190	16928
15261	1732
27065	28062
11521	2569
21533	24733
2613	2590
8786	5520
5445	5520
17388	17424
17413	17402
19864	19868
24548	24568
17420	20824
15274	28191
7577	7573
4550	24732
12813	16774
8120	8122
10826	17581
5907	5919
8573	1726
5845	5841
2197	24731
28181	28207
15267	16777
28049	28073
28152	13286
27072	28072
11294	1732
11315	6642
2607	7255
264	265
12787	1732
7567	7574
8580	25935
27408	14578
28589	1731
28073	28049
1711	1723
24688	5194
15274	5522
7981	14982
8674	14578
27041	27044
17390	2782
28069	5527
17413	28153
5947	25386
23198	17460
30512	30657
11175	19324
28063	28059
8037	15287
22301	16898
17392	20822
12770	12790
15451	15441
542	20053
14958	14954
8566	7776
11330	11304
13358	13380
24104	24091
28229	17459
11341	11321
28172	17459
7983	3746
8567	5514
28204	30657
3064	28156
12786	16907
15460	2799
15263	1721
17411	17408
25350	14578
8786	8674
28227	28178
8580	8576
27093	27042
5433	16578
19712	19579
27075	27078
28482	5189
2729	2720
27075	28048
17411	17399
28206	23055
11298	3063
22206	20053
25141	12764
5636	24098
8566	28213
2571	7263
27092	2798
12809	23205
15280	15271
15436	24739
14587	5193
12775	12481
10833	2834
11298	11312
7577	30500
2723	2727
28594	29031
22320	22311
27065	28072
5633	17044
4123	19575
28595	7525
12821	20812
17413	17396
11145	22198
26254	17448
11298	24690
19871	19878
9779	25432
13366	13382
24546	24570
28076	28076
24080	24089
11312	11327
11301	11304
28167	28223
29042	29032
531	30862
12992	1732
30864	12477
28596	7525
8567	8583
11145	22199
8676	20822
10268	10264
12814	1731
16387	24736
21247	20141
8561	16898
13371	13380
2734	17046
17413	14982
12773	28229
422	22205
15257	1732
23195	19572
12813	5512
29039	29032
5446	31019
12780	28229
26254	17460
2721	5194
21228	21222
24185	24190
23760	24733
15437	15466
5915	7573
11320	7529
11259	14577
24195	22255
8676	20812
8122	21873
815	807
8578	8563
14334	14337
12992	5925
8580	8574
12797	835
30862	30865
14584	25241
22296	19574
8684	1732
28057	28066
28158	16776
30512	30513
8677	8682
12987	12992
10826	10830
15272	16778
827	820
28158	25757
27397	14577
30865	12476
19879	19880
28206	12674
12819	12777
14761	25928
5915	1726
17413	5516
12768	24733
4548	28191
29034	29042
11332	11314
28073	2791
12793	1711
17413	17424
17619	13599
28063	28053
15459	24733
537	28068
18589	16901
11175	11171
17043	17045
5899	19323
2607	7279
12986	16938
10830	20207
18590	13372
5950	5943
29430	14241
5436	15636
27038	27053
8580	1732
17421	16774
27052	27052
30648	30650
5123	30659
810	840
14587	25237
13382	15277
21223	21222
8716	16253
12813	25757
12810	1731
19884	19868
17620	24733
8680	17391
30790	18580
12813	8674
21238	21241
24546	24550
12988	10270
6591	20053
12987	8175
11185	2788
17407	17392
23762	4264
26790	14765
24546	24572
23196	17448
17401	5520
20823	17460
17414	4260
28063	28051
2197	825
8576	25933
30868	3746
28057	2795
22204	12475
27071	5512
28155	28217
19121	3745
23760	24736
15255	6807
17414	4266
9775	22720
27068	27072
25343	816
22316	1726
8569	25927
17421	2797
421	415
12773	28148
8674	28195
29440	5192
8575	16901
8786	5512
19883	19871
15436	15447
17424	2785
27051	27077
17407	17414
27050	28052
22293	6642
22204	12479
12992	28209
811	815
15436	1731
17396	4264
27035	27083
2196	832
11528	2616
13599	4267
2575	2616
24546	28219
17407	14578
27092	27028
17418	14578
12764	19323
8566	3407
12816	12818
5903	1711
12813	25759
22784	22776
11145	22200
27056	2783
2572	2625
27102	27096
15255	5701
25349	20206
25236	5520
2200	5523
13381	13379
17401	28142
10823	2782
8118	8121
17405	2785
4124	20207
5846	26900
22307	1726
15467	838
28069	14983
30512	23045
15272	1732
18590	15276
18109	25001
28181	28217
30519	30518
28176	20947
12984	16901
29039	29036
30515	14765
30650	20288
19881	19870
12813	28159
4550	12483
22299	19324
25428	6941
29433	14241
23195	17448
30501	30515
5944	5939
25350	588
15460	2788
1717	1723
28155	17451
7567	7776
8561	16925
15464	15447
27391	27400
28195	19324
15271	1721
27089	28062
12819	12816
24687	24683
27038	2799
12787	16907
11297	11304
12821	28175
8580	8570
27391	27413
18589	5913
2204	24736
30651	30641
28067	28059
11252	14578
8698	19141
12800	25757
29036	29038
8119	2789
28166	20288
5841	14577
22299	16928
22320	15276
4546	19840
17401	17404
27408	14577
11331	5515
2200	24731
7978	5520
16408	16405
25244	24187
12813	12773
20293	20288
7572	16901
11145	22254
8676	28159
11309	14584
21234	28200
30864	30868
23194	17448
17405	14578
23903	23898
12817	12803
17418	28224
17419	17396
19879	25928
418	5524
17407	2793
12774	1732
19113	19109
30646	30643
27101	27045
28180	23068
28073	28066
19104	9779
15438	24083
5941	17453
13385	1721
28186	1732
8567	10267
30875	1732
26801	26790
827	815
28227	23048
8046	8038
8786	5518
6648	20053
10823	2789
14242	14240
11533	12475
28067	28051
8586	8563
25340	14983
17411	20822
28229	17451
12777	25049
11295	11324
28049	28057
28189	28225
24084	24089
25343	24736
28156	28234
27405	27402
5899	22488
21247	21241
8674	2799
1323	24736
8580	28171
23197	23198
15255	7775
25141	14578
17618	24733
542	5512
2607	7268
24681	24685
29035	29036
15267	15271
25340	4261
25141	14982
29434	24777
28595	7518
17413	17399
13379	5520
6359	6361
17407	17397
12786	28171
12986	28230
8127	28169
12987	8583
23761	24733
16389	16383
17407	2800
12772	21237
30519	25930
7912	17451
14769	14765
12797	30504
19865	14765
28066	4267
27403	14577
28143	17461
17407	3746
30864	30867
12810	5508
12989	10270
12813	2799
2604	12475
416	21157
19116	14573
2615	2621
11321	11333
21220	21220
21252	20141
15464	15454
12767	12765
28061	2792
12773	12077
10828	10827
7568	7573
30864	30870
25343	24733
2721	5187
11298	3066
5433	5446
24556	24552
422	8035
2198	24736
6941	369
8046	8032
808	1710
13381	11301
2607	7271
1732	1719
12776	12806
28158	1732
413	414
22490	24733
24688	24681
28069	25934
27036	1726
8117	16773
12812	28192
12821	12809
5924	22318
830	2782
15438	805
5633	2783
19875	25926
24105	5633
26789	26801
12808	12813
8035	8034
11145	22197
25345	25349
5903	1731
24066	24081
18589	5924
26254	23205
19121	20037
4123	20206
11336	11321
18590	5936
8046	8047
2567	586
21248	21223
17407	17420
27052	2792
11331	11251
26801	1732
17414	17390
12794	5520
17405	5516
19105	3746
11253	14573
6617	6627
27413	14578
28221	28192
11315	11325
10826	10825
15255	5443
11295	11336
15281	28593
30644	20284
24570	19875
28214	1732
12804	1711
21530	24733
24195	5520
11309	11326
24780	22254
5931	5951
11181	5520
4493	4489
13384	13364
12816	19861
28067	28061
5443	8175
28185	5520
15464	15468
30865	30863
17414	17412
20807	23205
17621	24733
27061	27101
8780	17452
2563	20049
12819	12808
27089	27098
9777	21875
29044	29048
27038	2788
23195	19579
28069	5520
8717	2619
20285	20284
15268	13350
28067	28072
2580	2616
12794	12790
17409	2798
17417	17408
5907	28187
8046	9773
7982	28191
8674	17391
8581	28162
12787	28200
819	807
2571	7270
8586	8573
838	807
8674	28159
30870	815
8566	14980
5938	5520
531	30871
541	28191
23887	14573
28061	12086
5899	17617
8035	8037
16254	28191
12773	12080
19130	19116
27401	27397
8046	9781
7980	28161
28060	28058
12764	20202
12989	10269
17419	4267
11328	14573
23202	17461
5845	20050
11298	28225
17405	17397
25340	5515
28229	17460
2200	16774
2563	821
22204	16159
28069	20202
11303	11321
27398	14578
15261	15278
27036	2792
2607	7269
13382	15257
11531	586
27410	5119
12800	5507
16386	2795
23887	20037
17413	17415
8576	25931
20812	20805
537	533
11299	11321
27033	27101
29433	16901
8119	2788
12775	28063
24189	24190
7981	14983
12797	25049
24546	24544
16387	21529
17418	14983
12775	587
12813	2788
422	3066
12804	1731
17407	19578
28190	28171
28068	28055
15447	2788
24679	24691
11332	16776
12775	28054
11315	11300
21244	1713
5700	11306
27036	28048
16389	2791
11301	11342
22483	24736
423	414
18590	5912
17394	17396
18590	5913
17421	5520
8678	20822
4545	28191
8046	8048
2196	816
22775	6642
30644	20294
28060	28065
1711	1712
5941	17459
19712	12765
17405	17392
8683	16776
17615	13600
12785	12785
15274	5520
8034	8036
5921	1731
28478	26902
11171	8118
531	30875
19882	19871
25004	24777
810	831
5446	8064
5445	5435
11320	7520
12812	16907
26511	24736
25341	24736
20807	7915
17411	17424
25431	20048
8676	20820
19875	25935
12991	12989
15447	20207
16386	21527
2721	5191
27393	27412
12791	12815
28063	5512
28228	17451
20077	5977
13700	13720
26296	23271
24867	1396
24856	24880
24862	11268
21681	26266
15602	15603
24868	24873
5309	26266
24867	24852
24852	24862
13705	13714
24870	10686
5974	1441
13722	13860
24888	1903
1437	1449
24867	1882
1437	26555
1437	31223
24890	24887
1437	1451
1437	1444
5975	19361
11742	26266
30465	30473
5977	1865
30462	1882
1437	1436
24867	1902
5309	1902
24857	1892
30197	26296
24888	24872
24873	9216
30462	30461
19359	5976
8660	8645
24856	29852
1446	8660
24869	24890
5309	5977
13706	13712
24870	24854
24881	24854
24852	24850
1437	1450
24876	24883
24878	4786
1437	1439
24867	1880
24877	26555
13703	13701
24874	13705
1437	1443
8660	8653
8660	8644
5978	27945
24881	24877
13700	13703
5309	5311
13712	13701
24877	26568
5073	5075
24881	1568
1436	11742
13701	15603
20077	20079
30462	26266
8658	8648
24876	24863
24878	1903
24852	24877
24867	1887
24869	24856
24888	4787
1437	1447
24875	24853
8660	8652
24852	28463
24875	24868
26296	23275
24876	24857
1448	20077
24887	24865
24852	24854
24867	1878
20077	26266
1437	1442
24873	24859
30197	24874
24889	24858
19361	5974
19361	27327
24867	5073
21681	21682
24891	24887
1437	1448
24875	4787
26270	26264
24869	24889
30462	5977
24856	29851
24856	29849
5976	5977
24867	15563
24878	24855
24881	24873
24876	24888
13722	13711
24857	1897
24867	24875
8660	5977
20077	1878
24850	24861
24878	24864
24867	24881
8660	1880
13696	13720
1437	1446
1443	4142
24862	24879
24869	24877
4142	26266
24890	29855
8660	26266
1437	1440
4142	4156
24856	29855
4158	4148
26266	14103
5075	30660
24888	1902
24867	24869
24890	29849
24863	24885
24868	31176
13701	13699
1440	5309
13696	13703
24852	24860
24856	24886
1437	1438
30462	30472
24868	24877
24888	1883
13710	13727
24888	24884
24878	1883
4129	4143
24868	24854
24890	24891
24883	24858
1438	30462
26270	1396
24867	24876
24869	24854
13708	13703
24852	24873
20076	20081
5305	5307
24890	29852
5309	4787
24875	24877
24867	5978
1451	21681
24860	24866
24867	24870
4150	4161
30197	24867
13860	13724
21677	21680
24875	24883
24876	1887
24875	24878
5977	5974
30462	30475
1437	1445
24870	24877
1441	31225
575	1398
22640	27216
12527	885
22646	4324
12145	29197
48	4422
9680	13955
37	43
571	568
42	29849
30143	19226
13582	13587
12120	29017
30134	1861
44	29849
48	29851
22639	12749
22637	11096
12114	12118
24399	11277
53	27882
29181	6338
26412	12381
21945	9839
12113	12116
10202	901
22639	11096
13579	13587
26409	18186
20709	28457
12136	23894
13587	13584
17047	23746
565	901
30124	30138
21945	21939
46	40
37	4111
555	570
41	6340
24389	27698
575	1863
20712	28463
26415	1876
44	4424
29183	29178
20707	20706
22639	11272
29413	12135
24390	1398
20709	28460
12118	4418
11272	11269
26412	18175
26413	1399
20702	20709
6342	6336
26415	1877
21947	4418
12133	12145
44	29854
48	1396
49	29852
24397	1396
24384	1861
44	29850
42	29850
44	29855
49	4417
575	4789
10205	10218
575	31177
21947	6340
5093	1380
8051	1902
30141	30144
4416	6342
2666	2663
10203	10207
30133	2666
12116	899
21939	30940
30133	4362
45	48
24391	901
10198	10208
27215	23742
49	4418
10208	12471
20705	3625
9785	30139
10206	10199
17047	23740
6918	4044
12145	18181
29179	6340
12020	5750
9784	12021
21937	10686
30143	26572
12528	884
568	555
12140	12136
21947	10686
18382	18381
24395	24392
12119	6340
12145	29722
561	11272
26415	1569
20709	28463
20709	4422
20712	4418
24398	24386
575	1893
10217	10204
24400	24395
10200	1396
42	29855
29178	31177
30135	19226
558	570
26415	1398
13581	3633
48	29849
17047	25442
10201	53
30134	23916
10205	10192
24385	24399
4423	6342
10204	1396
29413	12132
10196	10192
22644	5091
30134	1902
13582	4115
30142	5974
48	42
26415	1867
24401	24396
22649	11096
29186	29179
21940	4111
24404	24392
20704	11277
12117	11277
560	570
10211	10195
13587	4417
24396	24392
24394	11277
26412	26410
30125	26538
30125	18382
21937	4424
10211	1866
27224	5977
10678	4362
40	30940
24397	24392
30143	23750
12113	4426
5094	885
30146	9637
6322	4427
21944	6338
30130	30124
29186	29181
573	29187
10201	28458
13586	29017
48	3629
12114	4427
30129	19255
20709	28455
17047	23748
24388	901
12527	12529
4422	19429
24388	24402
29178	4424
22643	10679
20709	28453
41	16907
43	6338
49	29851
572	567
567	570
13582	3624
26413	5978
4426	6342
20713	4111
29179	31176
52	28433
26416	26409
22649	12736
13582	13581
24385	24393
22637	12749
565	12741
23896	11268
20709	4424
30134	1863
9786	1559
10201	28455
6921	30893
26416	26413
41	11277
10202	30912
30135	2667
52	28430
13585	1396
10201	28460
30142	19255
12119	4424
12113	12118
3623	3622
24387	24384
29182	4422
13579	1396
52	28463
554	27698
11274	11275
9839	31207
13582	13585
21942	21939
26413	1397
30141	30146
12137	12143
18382	9637
13581	6338
10215	1396
555	575
572	5997
12118	1900
12120	12113
30134	1887
10209	12741
13584	1883
10208	10218
24399	21941
10207	11277
12118	1892
23894	11268
12022	19226
54	28430
24390	1894
20713	4426
54	23895
12020	5754
10204	1895
567	574
12116	1396
30142	23912
24400	5997
20709	28452
30135	30142
10679	12753
24385	24403
30133	30143
12527	23895
6918	901
30141	30140
27222	27215
24390	1864
10195	10209
54	23896
20709	28456
24390	1396
8051	4787
10213	10204
49	29855
49	29849
30135	2662
30125	23740
12133	12141
10206	10215
11096	2145
24383	1882
24405	1396
27218	26573
54	28452
24405	24392
10212	10195
10198	5997
27216	25293
30133	30141
20709	28451
30125	28429
21942	4424
29184	11277
24395	4115
26415	11269
12114	1887
21946	16907
558	1890
10205	27698
20712	4417
20705	3624
12143	30657
567	566
30136	13961
554	27697
6341	4422
47	4424
6342	6322
13582	4426
42	4424
29182	11277
24391	30958
24384	1398
13584	1903
12115	4422
46	31059
20709	28458
30127	9637
20704	6340
24396	1896
12118	4417
17047	23749
13584	4787
24396	1396
26413	1396
31221	31220
12113	4423
575	570
11271	11268
26412	29722
11277	11271
13587	1905
13587	1903
10217	10206
24394	24390
555	8053
12119	24320
570	565
22645	22652
6918	28012
26414	27182
10201	28463
567	12471
10210	28463
4434	4423
10211	1885
29179	4417
20711	3624
2666	2665
30142	1862
6917	4042
29413	26408
20709	28464
563	4787
17047	28427
30133	19255
20703	6338
30134	1864
567	4115
30142	4362
30130	30125
26412	29720
13582	13580
31057	31056
20705	3630
24395	12471
24383	1878
24385	24396
20711	3625
13582	3630
48	29855
20712	3627
6921	28012
559	557
558	4787
24389	24402
571	573
24396	1886
563	1396
24387	38
5094	23895
10211	1396
30133	30135
37	49
37	3626
27224	4362
9783	30136
37	4427
20707	31059
21946	6340
12141	16898
21940	4423
10211	28451
573	11277
21946	21939
6341	19430
26409	27182
559	901
30134	4362
29411	12140
54	28464
29413	11269
12145	30043
30144	9637
559	30912
10201	28457
24385	24387
20709	28459
30134	1398
20713	4423
20712	28458
20707	11277
20704	4422
16495	25746
30143	5754
20712	28457
24391	12741
12119	4422
24393	24405
21945	11277
17049	20617
30141	30123
13582	3625
13585	899
30133	1604
554	557
17047	24816
558	4788
30142	30134
55	52
30123	9637
565	30958
12022	28433
48	4424
20713	20711
21940	21944
26413	26415
24390	24392
10197	20708
20713	20705
21943	21937
10217	10203
10208	4115
13587	1883
6609	9637
37	3624
21940	21947
20713	20703
30133	30130
48	29856
20711	3630
20713	20712
22649	12749
555	11277
12116	1887
30130	30142
24395	24406
21937	4422
48	44
20712	28464
41	47
21946	21942
30141	30127
12529	10198
20712	6340
13586	13582
30134	1396
24388	30912
12113	4115
48	29853
20709	28462
24398	24402
37	3630
10211	1398
29411	11268
20707	9839
10202	10192
22644	11272
30143	23742
558	1902
12113	4430
30135	5754
12117	9839
21937	10687
21946	11277
5093	13586
20712	28460
30129	4352
10217	10197
24394	16907
30141	23746
561	31176
564	557
10200	1880
26416	26414
563	1902
29178	31176
24403	24394
18382	23895
6918	30893
27215	5754
8051	1396
23912	23916
556	558
6342	6337
10207	10211
31220	1396
12117	31059
46	11277
22652	11269
21945	31059
24392	24391
31217	31220
37	3625
20704	4424
30134	19255
24390	10687
27864	23489
6339	19431
4417	6340
30133	12637
11099	5978
10208	10195
46	9839
29185	30940
10197	11277
21947	4417
6921	4044
23895	11268
29178	4422
23913	23915
24389	27697
10208	10214
12118	1568
41	40
12114	27698
26416	26411
575	1902
11269	30660
26412	29197
24399	38
27215	27215
30133	12623
24383	1396
10215	10195
24384	24392
13587	3627
20705	3626
13584	1902
10199	1396
22654	16495
29179	4418
12114	1396
48	1888
30134	1866
10211	28461
23896	23894
6924	6920
10209	901
30140	9637
12022	12020
10205	27697
20712	28455
24393	24397
575	1396
10210	11272
29184	9839
26416	17236
49	3627
26413	15563
20709	3629
53	27893
30134	1867
27222	27224
20709	28461
10196	10218
17047	23742
12118	1904
12118	1891
27220	17049
13583	4422
29413	12144
575	1862
6921	901
30141	30137
12529	572
20712	28452
20709	28454
30130	26555
23914	23895
53	54
12113	12121
22644	12528
42	29854
29184	29185
29184	31059
47	40
20706	30940
10204	10195
5094	5093
12121	6338
10199	10195
571	558
20711	3626
5091	884
23914	28430
13587	1897
558	1396
27226	9786
29186	4111
564	566
554	566
5093	12120
29182	4424
23913	28430
37	4426
12020	18494
5093	24400
12529	1380
10209	30958
12142	12133
29182	6340
13582	3626
24387	11277
13579	27698
48	29852
22650	12741
29186	4423
30124	26555
4734	6282
12302	13677
3742	3736
17627	30095
18686	18686
4735	5751
4743	4745
18679	18683
4735	3059
16307	6300
4731	31225
18734	9817
9475	27905
27909	26170
27835	10319
6319	30091
6430	18512
19412	19408
7830	7822
4733	4736
6432	7833
27912	4187
4749	4316
4743	4752
6317	6310
28134	28137
9511	18682
3740	3739
4743	4732
29028	15792
8971	2925
27907	4731
6431	7826
29024	29026
18539	16898
28270	19405
16311	18728
3742	3744
3733	3739
3059	13677
8904	8899
6282	2925
18685	18689
18692	25518
10319	5454
27837	3377
16432	18682
13621	2925
5464	5449
7824	27945
29024	29023
4744	4736
5465	30092
27835	27840
16306	6317
17442	16913
14773	25519
28468	28273
3735	12098
6317	5454
18512	18513
8902	8899
15792	18682
14777	25517
29024	29018
27909	27905
10183	2925
19402	7830
18514	16913
4743	4749
28125	6363
4752	10938
4743	4746
6287	6283
4751	13621
16268	18682
4735	26578
4743	4744
19402	19403
6432	18512
3734	18539
3744	28270
28138	5454
5465	5458
4756	4736
4742	9877
26040	30091
19412	19401
29024	29027
19409	19413
25512	27945
4743	31223
4754	4736
6430	7829
27917	992
27912	27920
29024	29029
14772	25515
16750	16749
17631	17136
3742	3741
27908	9475
18686	18684
7830	3737
3743	28269
14774	17443
6363	6364
27842	17136
5471	6457
18539	19405
4741	24628
5469	6458
18514	7828
3742	3733
6430	7831
28269	28268
28267	28276
8903	8909
5465	5450
4743	4733
18726	10305
4746	2449
16745	18682
14773	27327
18539	18536
16426	25519
10938	2925
4747	23388
18693	18689
29022	16432
14774	25516
27920	9815
4737	4736
16312	27835
5465	30094
29024	29019
19405	14103
7824	3738
17443	17441
17629	17639
4743	4756
4758	25302
26044	5454
4755	8971
14776	25514
28269	16898
5470	5457
14772	17443
12092	12095
4743	4748
29025	31225
10312	9813
3742	3737
5470	5461
18543	18538
29024	29021
29024	29022
18693	18688
27907	27945
5456	5467
10297	30091
6430	7833
8969	8974
8909	8899
4757	4736
18512	18514
29024	29020
4743	4739
4743	4750
4743	4753
25306	25301
4743	4754
25520	14773
10933	10963
17627	5465
6436	7829
8907	8903
18683	18688
24628	2925
4740	4736
5469	992
5453	5452
29024	31223
2918	2919
18686	18698
4750	4736
27840	10303
9510	9502
8897	27919
7827	7830
27919	18759
18685	18688
2449	2925
7825	6433
27920	27918
17629	5454
3742	31223
4743	4738
4753	4736
27915	9815
3732	18540
4748	4736
18540	19405
18734	10312
14772	25516
18539	19062
3742	3735
6300	28138
18734	17136
16313	20924
3742	3732
12098	19405
27842	10312
28269	19405
3736	3739
9475	27327
4743	4755
5465	5468
18513	16943
18721	10303
27836	10305
19399	19413
4743	4751
9877	10183
6433	7822
16429	16424
16426	16746
27918	16309
14774	25515
4743	4742
10312	17136
6363	6363
27915	27918
25518	25519
5460	17135
29018	9511
5459	5471
27917	27912
2918	27904
27842	9818
4743	4740
6433	27327
14771	25521
3737	28468
4743	4758
27912	31113
28269	19062
4743	4737
18513	4198
28273	19405
19399	19407
4735	5753
16751	12302
25518	29028
27910	27909
4739	4736
4743	4747
2456	2439
3741	3739
14774	25517
27912	31112
17441	16943
16310	17629
17631	9817
16426	29027
18728	18721
16308	26044
29024	29028
19399	19399
18682	14103
4743	4741
26044	26050
2925	14103
18692	18687
3738	31225
28271	28275
8907	4187
18736	18717
4743	4734
18681	18698
10312	9814
5464	5470
23388	2925
29023	16268
19412	19407
27912	31108
25521	25518
2923	3059
17631	9816
18514	4198
29027	16745
9474	27909
25302	10183
25519	29025
17628	30091
18537	18538
5452	5469
18734	9816
6434	7830
3573	2925
5464	5450
10312	9819
20924	28138
16275	16274
17443	17442
3742	3740
17442	25511
6432	7831
4743	4757
16431	16749
4316	2925
4732	4736
18728	10319
4738	3573
19680	13136
3787	17707
4379	26325
6761	6762
19710	7830
10005	27182
29845	19408
13492	1377
4405	26078
14327	26035
5395	26080
7627	26037
28750	23279
28329	16907
20582	28890
10013	10015
25334	25320
16394	25256
27262	30156
11132	11134
12285	17709
30334	16440
17191	17183
3463	3466
7630	27694
19700	16898
9999	29197
19677	19706
1595	1599
3997	15245
11656	11653
12914	5108
27268	19702
26299	28749
25321	6784
22210	9981
4402	4382
16392	17136
25547	26174
23367	23366
4005	25518
19281	19287
11140	11135
4405	17186
19673	899
4030	18688
4405	17708
25328	7860
19944	17709
28748	28734
12057	14244
28330	28334
3997	4012
15243	15248
16324	4434
30332	7998
24302	17709
30324	30303
21613	4362
3674	23277
19668	19401
24647	24650
20585	20587
29228	16444
7611	28279
4497	15563
24147	553
4022	18684
20717	20729
20588	20569
7629	18758
5399	17707
25327	12822
28736	9901
19097	19084
24651	23283
12506	12503
19280	4417
13138	15802
12828	17707
4401	16349
28748	23289
20240	26081
5395	16441
30318	7999
3672	23283
21279	21266
19475	18680
23320	23315
11232	4324
4389	31057
17183	17190
13491	26036
6898	16444
19092	19101
15801	17703
20729	12379
4032	17708
12059	27182
16325	16270
2286	7830
22086	12614
20728	20723
30151	4434
19670	19663
15243	18683
19096	9818
25312	24108
23361	4426
23302	25588
30322	30321
10013	10008
20729	20727
1601	4115
7629	27581
24651	24644
19078	3379
21259	4424
30721	7604
5110	14999
26308	28753
7629	27904
4387	4412
10387	18680
19082	19102
11133	26080
12828	7888
5117	5114
12825	26080
19658	19700
4405	17182
26643	17703
14327	4426
25334	25336
30325	30304
30293	27568
12047	21293
7629	885
30318	30333
12501	26587
28754	20235
24645	26035
1602	4422
4390	4401
19098	28752
5984	12753
30318	7997
26312	28752
16393	8897
26673	12736
19676	19407
12291	4362
26297	26298
4031	15247
28980	4498
23452	23467
19086	19087
19680	28277
23523	1596
10014	23019
25328	17135
19695	16898
16315	24816
19665	19688
23523	3671
20570	17708
14327	890
22085	27907
12055	12040
13192	12824
19078	7679
5230	27904
27869	25751
25314	25316
19092	890
19476	25725
23308	23307
21273	882
2294	891
18652	4417
20240	20236
28738	28754
12296	5959
30303	30328
24299	27909
23450	23454
30156	21258
30293	16444
30314	30329
28333	28093
10017	15935
11132	11136
30295	27904
7627	23527
30306	16438
25329	25586
6898	13086
4004	18684
30321	6898
19680	13131
4017	17709
11136	26082
10014	26325
30307	27904
3387	17703
5961	7830
28329	16898
27868	26081
550	4427
11656	9982
24639	23285
30296	30309
3993	27994
28753	28750
4409	4375
28893	12623
21273	21263
359	364
12914	5106
4027	4017
13184	12749
19664	19407
26306	28747
10005	23822
30332	25125
28754	23283
19295	6338
25547	25440
30152	30158
28122	17703
2076	2073
4390	16356
10007	2011
18649	18663
30304	30299
23964	890
2296	17709
26306	897
19665	19668
15797	16391
29229	26171
12506	29551
3994	10385
28736	28795
5958	5961
19693	28282
4408	4383
12043	14245
19691	19700
10003	10004
3671	13501
362	6776
19088	3378
25321	25586
3994	10384
30311	30328
30163	10383
23307	26082
10018	15933
23314	23319
20720	25500
15052	15053
7625	23524
12825	25586
7628	23521
12057	30657
24301	13100
12501	17708
19663	901
14396	4418
7628	884
26309	3628
1597	6338
12025	19403
28754	23288
21614	12753
4017	13663
2291	2292
3787	4015
19689	19675
4006	10385
19092	19083
10000	15935
4409	4384
19701	19667
14961	7824
12907	25751
30334	13078
12905	12900
30326	30337
28752	23285
4014	3994
27620	28280
13745	22632
4025	15244
26298	3627
25316	25586
26673	12749
19082	27390
25327	15794
28122	26969
19670	19662
21259	21271
14494	13133
18653	4422
28750	23288
4019	15243
30722	15839
25751	13501
19288	19281
4378	16907
19096	3376
24641	23277
360	360
9897	28796
30297	13081
14397	21258
10013	10017
23305	17707
30722	6775
3667	23283
13498	26036
2075	25746
27866	13464
12025	23742
19682	19400
27867	4115
14962	12623
19094	19097
23962	23958
4390	4823
4398	26081
30313	27578
4407	4397
30319	30295
16325	4418
14395	14396
26663	14965
30314	30303
25546	7165
19092	897
13786	19403
4016	25518
28735	23288
20731	20715
28332	28325
2276	2273
13501	27269
19662	23317
23307	26080
20582	12749
22086	12623
23463	23450
4497	7824
25547	5198
12288	12026
20936	17707
24637	13501
24648	23286
13131	12846
30321	30333
4380	4392
21273	21271
19680	13133
25338	25257
19679	19676
4404	4381
21258	27269
26306	26307
26641	2295
12048	8179
360	6776
5401	25746
30323	13082
29846	29846
9997	16353
30302	27697
19090	7922
13131	16938
30296	27698
23449	27269
4016	18689
24298	16314
25316	360
14999	14993
12046	8174
30305	13083
23453	23457
19668	19709
7881	23959
4006	18689
6679	18684
30321	27575
1596	13501
25319	25585
28982	28980
12043	2011
10003	21293
25228	19699
24651	13084
5230	13102
23366	9508
19686	22764
5210	25258
16315	26078
30159	4417
28739	23282
20585	20588
4398	16356
28747	28748
12025	23748
30320	27571
23964	26035
13183	12749
27262	19292
4004	27697
23450	897
7630	27698
23967	23963
3664	23285
25338	361
19698	7607
12058	12054
26659	26651
14329	4417
23307	25590
316	314
3994	18695
16329	16898
19706	7611
25327	25586
3671	27869
546	6338
19079	27902
23302	17135
8001	13085
13185	12826
16329	6340
28736	26081
19688	19401
30307	30333
14390	14399
30340	27571
26663	12749
25314	25331
30323	29228
1601	4111
28330	28325
30298	13101
13179	12736
12915	26081
19094	19093
5396	27904
2074	25730
5107	14998
19684	19677
30330	315
26309	3630
19686	7608
23306	25746
19696	19401
9999	10996
14610	15839
26643	14965
28334	16353
4380	16898
1598	20550
3663	23279
12054	14243
28328	10995
19288	19277
16321	16329
316	27567
19086	28753
12501	26588
6438	14495
4027	899
4000	4004
24645	12914
30326	30316
10007	16353
3675	3663
19683	19710
30297	13096
12825	27697
25329	27697
19082	16898
4017	17707
19090	19095
16327	23449
11227	22088
4033	27697
14329	4418
20593	29551
30336	30298
5110	14998
24296	3462
30332	6901
14331	14326
8001	15839
19658	19401
24646	12898
28326	16356
19096	3379
24301	30893
28325	15933
10007	23820
3790	23742
2289	19703
10001	7769
29845	26420
2286	26080
19672	901
12901	12917
7630	23525
30298	30893
25325	25328
19685	25231
26653	26669
24429	25519
30338	30331
16394	16392
5957	5961
20593	4372
16314	20617
4404	4407
12828	885
12055	26081
30297	13094
360	6781
9995	25387
28325	28334
3790	3793
5106	3624
27262	18661
30304	13081
7605	6776
19672	30912
7605	28787
20591	16677
25327	6252
14610	28277
20724	20719
30301	3462
3672	23288
14329	27581
28332	17909
25323	17709
24301	27904
19476	26080
29846	26536
4381	4399
28330	28326
4404	4388
12825	7883
4027	4007
19291	4422
19289	30657
12315	12314
24646	27870
29230	27576
30323	27994
12044	10996
30321	6902
20723	20725
20583	3792
30722	16392
6903	13080
21273	897
13186	12741
5113	18017
1598	4417
19280	4418
30296	30302
4496	28277
16391	7167
12828	25324
11131	26080
553	23449
8001	20551
26589	1209
12917	12900
4386	4410
7611	19407
28328	12381
18662	6338
5210	17135
12901	12908
20726	20731
25545	15563
3672	27868
14393	6338
27868	3627
11133	25590
10018	10002
4390	4373
29845	29846
28892	25512
30332	29227
4383	17786
25323	2271
16326	4422
14388	4427
28749	20234
28740	23277
13133	13132
30336	30318
21273	21270
12297	29844
19680	19681
19658	19410
3673	3667
24651	12901
12914	4115
2292	19401
363	26080
5399	17709
20588	16270
7885	25312
23319	13131
30306	13086
28325	8179
23967	23966
10014	25500
364	25257
5400	25725
5231	13099
24301	30959
16390	17136
4028	18695
11131	19400
28332	29442
28332	28331
21259	21265
23463	23460
3789	891
12825	27698
4380	19062
27266	27268
6681	6678
10004	29442
11227	12749
2296	885
30301	30310
3670	3672
4496	7822
23302	30959
19942	23742
29229	27903
11241	12749
362	362
12908	12909
24648	23289
20714	12040
550	4430
19690	17709
28743	17709
23528	30332
941	9981
4011	4032
12046	12047
26302	26299
24643	23282
27623	19408
12506	4372
29229	7164
4029	12370
19084	4417
4402	4374
25545	27909
16394	25259
28335	27182
21622	16430
12044	29197
2291	26080
19685	19680
24431	25512
7887	6251
15243	18684
26313	13501
17188	17181
25335	25330
362	6781
26659	26666
20574	17441
21273	21275
4407	4377
24300	26573
14331	14329
28335	30657
30326	30317
4032	17702
7627	19267
9896	28796
12292	23742
23319	899
11135	19401
29229	26177
12047	12060
19947	4362
4007	25518
19685	19696
29231	29229
13131	19062
27867	4111
19707	19413
26653	29551
5209	4395
4028	18684
24154	4001
26659	26665
30332	313
10003	332
19942	19947
11133	26082
12827	26080
28733	9899
9998	10011
4405	4385
27867	3630
21265	6340
13101	17703
7611	19412
5400	5395
19475	25730
30330	6900
28755	28734
2073	19400
3790	4037
1210	27581
25330	25586
2074	7830
26653	4372
28747	882
12025	23740
21622	4418
18661	21258
7881	19091
21259	21255
4013	3997
1595	1598
30310	901
4014	15243
24107	25586
19281	19284
12906	26172
28747	28755
4000	4024
24106	6774
8555	16390
4407	4391
5228	23489
16315	2919
19683	899
29844	11106
10013	9997
19092	26035
25314	27698
11132	11133
2289	4343
4385	4410
3995	25125
4030	18695
19944	17707
2296	19678
4022	18694
26306	26309
20576	28890
12914	5105
3993	3997
25336	24107
7606	19404
26649	19412
11137	23416
16324	4426
9995	10531
29229	13093
25545	25547
17708	17706
30159	4418
12051	12042
26308	26304
26643	12749
27262	14397
28747	28742
26313	28733
14391	14388
25320	8555
15248	18697
21622	16431
22210	22209
20715	16349
14610	19403
18663	6338
20575	4324
4006	18695
12058	12052
19662	25227
19278	4434
17706	17707
24431	15563
7627	27904
25314	25329
30163	27390
10000	2011
4006	10384
1601	4430
13786	15839
7168	7166
20240	20237
26673	14965
27868	3634
19680	25231
4497	4495
19939	26573
30304	27575
12058	12048
27868	21473
28325	25501
16330	16325
28327	28335
26665	26641
11134	18699
5107	15003
4402	4409
4002	17709
2074	30959
10013	9994
24644	13076
21265	21272
30314	30297
30336	30293
20714	20726
14396	4417
20573	17442
13495	13492
23319	13136
18658	18652
19284	28470
19091	13501
11133	25585
9900	26081
4386	19062
3993	30893
26659	26668
5113	5109
30304	13082
28738	28736
8000	13078
30314	16440
4034	18683
20585	20577
10006	23822
10012	10002
21623	4430
25229	19412
12906	7178
28733	28746
28122	19062
4030	4012
19092	19100
21259	19691
28327	8174
29559	28008
30297	13078
19658	17708
17188	17192
25338	17135
30296	30294
30306	27567
18649	18662
7629	17707
29229	25440
12293	25293
3790	19947
1598	20551
10001	10003
5230	30959
10000	23825
10007	15935
20584	19473
19097	19080
1601	12914
7611	7606
16328	4032
3998	901
13745	16444
25547	26177
4025	18684
30336	30321
2273	17135
19706	7609
19708	7860
18655	4434
4401	26078
10000	26078
19689	19413
4373	17789
19664	28274
19090	19102
14328	4422
28747	897
13179	28123
20717	16898
11227	12736
7919	26081
19093	28749
24645	890
21624	21622
12906	27903
3670	3669
30334	13096
23319	30657
4030	18684
30321	13745
26306	890
24645	4115
21623	4427
26645	2075
28327	28332
3464	3466
3673	890
16315	23746
19376	19375
16321	30657
4379	23019
25547	27903
19679	19677
28747	28744
14998	14996
29230	27573
27265	19665
25547	27572
12825	27699
30307	29228
28890	2145
1601	4427
12914	5117
23366	9502
20237	20242
6437	6440
11140	11139
4027	4005
12901	12912
21265	19403
11136	16444
12040	25500
2273	25588
19088	4417
20720	8179
19691	19701
4018	18693
19090	13138
3673	27867
19473	25746
28328	10996
23964	897
20717	19062
3787	17709
12828	25258
24651	25439
30309	27697
4017	901
19082	30657
10387	18699
20728	20714
23363	4422
4373	26081
25314	361
5109	5115
4373	16356
12059	14244
12827	25586
27867	3627
1597	12904
19682	15839
12914	4111
24107	24106
3787	3793
9900	9896
23314	23315
4036	4032
4032	16938
19683	19670
20731	16356
13184	17703
25547	26171
4030	18689
19092	28747
17704	30660
10017	16353
24107	6778
19096	17136
5117	14998
16315	2921
12040	26325
30301	17707
19670	13663
4373	17790
27868	21474
19689	19694
4379	25500
3669	27870
30296	30330
12025	23746
12825	27694
4014	3997
20581	28890
28334	15935
30306	16440
19685	19408
10382	10380
24651	4418
4032	16898
3794	24154
4373	4823
25314	25326
12044	27202
24147	23365
28122	18751
10006	27182
16394	16390
17191	17187
8001	27903
9998	16356
4038	4016
9897	9814
3665	23282
23313	23316
28747	28743
13495	13502
9999	10995
25337	25586
19685	19693
25315	25585
24299	4362
27867	3624
27263	19686
12042	12043
16390	9819
20933	20937
3993	4035
12058	12055
22763	3732
12046	12059
28755	23286
3384	24430
21257	901
27866	30657
24651	13093
30300	16444
11244	22088
20576	12749
12827	25258
24645	24648
11239	24297
12047	12057
23463	1377
18664	30657
23524	30315
11244	17703
361	363
26644	12293
2291	27697
10007	23826
19664	19412
27867	3628
12046	7769
7997	8000
1209	4395
25338	25326
21273	21276
26306	26303
4496	3744
30314	30305
30330	27697
23960	4426
2292	26080
28755	23289
25317	25321
19664	28283
15797	22212
1598	12901
4016	18695
29231	29230
21259	21262
5117	3630
28333	25387
30320	27576
10007	23818
21265	16898
2297	13133
10382	13136
6437	17703
12055	4823
19092	882
23450	890
28333	25383
30323	27575
19477	17707
19292	21258
4028	10384
4027	4031
18650	4426
9998	4823
13131	30657
19688	27697
30302	16444
10008	8179
10007	23821
19689	19410
20729	7769
28982	17703
21626	6338
21257	21270
19667	13136
12025	19401
4004	18688
9997	9996
26309	3626
19091	28733
9998	23823
4028	10385
28333	10531
4000	3999
13490	13494
29230	27571
4399	4390
30293	13092
5961	19408
19477	17709
9904	28795
4381	10014
1601	26035
30326	30313
19084	4418
1599	12898
12911	7179
12059	30657
26315	4417
19082	6340
13179	12749
25336	25330
19688	19407
14327	4115
30304	16444
28983	11655
30327	27575
4027	12375
8555	15839
12285	17707
547	4418
3387	3384
19686	13787
28738	28737
12048	12060
30323	312
30327	16444
21254	1377
19701	17702
25331	362
25314	25327
11140	11141
10017	23819
23453	901
25337	6783
19664	19401
12916	12911
19283	6338
12828	18758
25333	17135
23958	6338
4387	4400
12056	25387
30340	27576
2074	19408
4495	7830
14962	12614
10002	10017
7881	26313
20237	20239
19286	19295
9897	17136
19082	16938
3998	4030
12314	17703
9904	9903
26642	2288
4016	15788
12047	332
16392	9817
20236	28797
30311	30327
28331	27182
20728	20716
25322	901
19681	3743
20934	20936
4392	12379
8554	7604
17703	17704
24645	4111
19476	18699
3787	885
12054	16356
19296	19279
25331	25315
12026	20617
552	4422
12914	12905
29229	13089
19662	29789
2289	5754
28333	23472
28328	29718
20731	4823
30334	27571
2289	27267
19676	27621
30337	13081
19100	4426
12058	12053
24297	25293
14325	13501
30301	30339
28326	4823
12045	17909
25331	27697
28330	25500
30300	27697
19078	19096
19696	19413
12056	25383
12045	29442
4398	17791
24150	3995
25334	25318
4019	3997
20592	25516
5960	19407
12057	27182
14327	4111
19680	19692
12903	12915
26671	24951
15797	25548
19670	17707
30295	7860
29229	27570
26302	26297
14390	14395
12054	16353
19086	19089
4018	18685
23450	23459
4395	4380
25226	19702
11138	18688
30336	30307
20239	28797
19689	30893
23305	17709
25323	25322
25321	25585
30327	16438
3675	27865
23453	23462
30155	30151
4013	15243
24302	17707
23523	14325
20242	9819
23450	23461
16677	12753
30304	27580
24290	26572
26665	19410
23961	4417
13495	13496
8001	26176
14610	7822
23307	25586
11226	12741
11236	5401
15052	28329
30297	13083
14388	4426
20582	12736
19280	28473
10386	18693
13136	17703
12047	12045
13192	17703
29845	7830
4012	18683
25547	13089
5116	14997
24645	4426
30314	30320
19695	6439
19680	19682
22763	7822
3673	26035
28332	21293
314	27569
2291	27698
16678	4362
4000	27694
10001	10005
12054	14245
26306	26301
2291	19401
26591	10016
23365	23449
26664	6042
9904	9897
26304	6338
12828	17135
25323	17707
7883	25314
16325	4417
4025	15246
13183	28123
7630	16444
12046	14244
4026	4018
6898	14145
2296	17707
12056	10531
8000	13083
30325	30912
2291	27265
12829	891
20581	12749
30305	13096
23320	23319
19672	19664
3994	18684
15243	18679
23961	4418
18651	18658
19096	7681
10017	2011
2296	2293
2296	27267
9997	23818
19670	5959
19296	19285
29229	13088
16390	25589
26664	6044
12043	15935
27261	6251
19681	7822
10009	16352
2072	17709
19658	19701
17702	17706
19079	19090
21257	30901
19708	7830
25316	25319
24636	27865
19677	19412
19090	16898
21273	890
20237	28797
5105	14994
7629	23527
28754	28797
20242	28794
19665	27694
19686	14611
24648	23283
20576	17703
30319	30301
24429	29023
4000	27698
19078	7683
23523	24637
24636	6338
7611	19413
14330	6338
19281	19280
12902	12910
25311	25586
2291	27699
23963	23961
20726	20730
23362	6338
5396	25730
26642	17703
25230	19702
21279	21273
9999	29718
26662	4324
2277	25585
12906	10362
25312	30721
7999	16444
21622	16424
20569	3794
11229	17703
24429	16276
12915	12913
30326	16440
13184	28123
547	16749
25312	8554
30320	27573
4402	4387
30159	18538
19669	12370
12055	12049
13786	7822
9999	27202
16393	8907
28747	28751
21265	21262
26309	3627
4392	4393
27867	3626
19102	19081
24431	24429
24429	16422
5985	4362
9999	12381
3466	27904
12908	26081
30149	30153
30340	27573
3993	4028
12044	29718
28751	17709
547	4417
19475	30959
30150	4422
28330	23019
24951	12753
6678	18680
10017	23826
19668	27697
19689	901
12917	13076
30334	30303
17709	11137
19671	19658
10003	10018
4404	4402
14494	13135
27866	13463
3993	16270
21274	21261
9997	10000
25318	25585
19287	4417
26656	18513
30329	27578
363	6780
12292	12291
28753	28741
25548	7167
28748	23286
19693	28280
12043	14243
30309	16444
20731	26081
7168	7169
26306	882
6761	6760
26664	17708
26652	7833
19296	19278
27620	28282
20730	16907
15800	22210
23311	19685
20724	20718
9995	3407
11242	7625
15052	17703
19947	25518
10006	30657
10007	23823
4006	18684
19083	4434
19698	19412
19087	6338
6898	23737
30300	16440
2288	884
13189	23306
8555	25586
7606	19411
10017	23824
4006	25518
25338	359
7884	25332
19090	7925
10008	10018
28124	17703
4000	4033
19099	4422
4497	4494
24429	25518
3993	4006
16322	6338
3667	23286
23964	23960
23453	30901
5118	5110
19676	19413
25312	25125
9995	25383
16315	23742
18657	18655
19665	27698
14494	14493
6680	6678
25547	13088
30160	30159
28327	7769
19088	7683
13786	3735
10004	17909
5117	15000
25547	27571
10386	18685
24642	23288
4016	18684
2288	27261
16392	25589
3998	30912
25334	25333
24152	6251
5395	16444
24431	24432
19948	25293
26306	26035
19090	19078
3673	4115
19086	19103
23959	13501
12025	23749
28743	17707
25336	24110
20236	28794
3787	24148
16315	23748
1601	4426
20730	19062
8555	6775
24636	24642
4398	4823
22088	2145
19682	19376
314	27579
11244	12749
19692	7822
19285	4426
30326	30341
25230	29789
3466	16439
7627	27581
6045	17703
12827	27697
10001	23822
14965	2145
25333	17703
19683	12375
30323	27904
19689	19707
19686	25125
4495	4496
28328	29197
30152	30160
3993	4008
24636	12904
30323	30333
11241	22088
4409	4389
23319	13133
15801	15797
7630	26080
26590	26591
12914	5104
19687	27697
30323	30893
19689	19698
20568	18683
28751	17707
26310	4422
4014	4028
9997	23826
6043	12041
4007	7860
4006	15788
23308	25725
4403	4398
16393	16394
12901	12903
12828	17709
30323	13746
12824	884
30325	901
4408	17787
12825	12827
5116	14998
5395	26082
25313	25336
30306	30328
9995	23472
23366	4417
3388	941
30163	30657
24649	24646
22763	19403
6046	20721
4378	19062
30314	30340
6440	12313
18652	28276
17188	17191
3993	901
21257	21269
19082	6763
9998	10014
3999	27697
24640	4422
2297	2297
24147	21621
25335	24110
18665	4418
3667	23289
30301	13663
25320	25585
28333	3407
12040	23019
28733	20241
19667	17708
19690	17707
19090	16938
3788	24151
24645	24647
25323	13663
18665	28275
3994	18689
18652	4418
16315	23749
3790	24148
13786	12094
4390	26081
3468	16440
19659	28281
6903	13079
4014	4022
11136	26080
15248	18696
11228	5984
28736	23283
2072	17707
4025	27697
5105	14998
30306	16444
30304	27578
9896	28795
25321	25330
1601	890
10000	16352
12056	23472
3673	4111
30321	312
23315	29789
10001	8174
12284	26573
22763	15839
9998	26081
10013	10012
19695	30657
2289	2293
20728	20724
26589	5209
27865	3632
24637	12907
7627	19263
19695	17708
30321	316
17191	17185
25230	25229
12903	7179
19286	19283
28331	30657
19665	19660
24106	6777
9995	28093
24293	24290
23311	23316
30298	27904
26298	3634
19696	7830
30334	27576
13137	7923
23450	23462
30326	16444
30323	16444
19691	19695
3672	5199
2076	25725
24952	4362
2073	26080
28124	8897
25318	30722
2292	27697
10013	9998
30334	13083
28329	19062
25545	27907
24290	5754
2275	2273
26648	12741
2295	27268
30334	16438
19696	19407
19701	16938
4402	4411
30329	27571
2289	12291
24644	24650
12828	26080
16395	7165
25319	24109
12055	16356
26314	3632
12915	17704
30306	4352
11655	9981
25547	27574
19284	4417
14396	12095
12060	15933
4380	4386
21623	4426
25316	27697
23302	25730
28124	27919
30722	25586
10009	23825
28733	25751
19683	19708
24642	23279
24301	5229
20585	20595
4032	16270
12058	12051
4002	17707
28754	26081
23366	4418
30293	30333
12060	25501
20721	20717
4016	18688
30298	5229
12044	12381
4014	4006
1598	4418
24147	16327
26297	26300
11134	26080
16390	9816
6761	6764
30298	13100
2296	2286
7629	26033
4023	4018
25327	27697
4392	7769
28332	332
4373	17788
19705	27697
24293	24299
30298	13102
10382	10381
21279	21254
12601	23489
28749	9898
20570	15056
24651	4417
548	547
6898	6903
23961	25258
6678	25518
19276	6338
8001	20549
8000	13096
5110	5109
18658	18665
18665	4417
4386	16938
3790	5754
11233	898
19709	7610
6045	6043
19082	19078
4380	17785
7630	27697
25327	25338
4009	4016
19689	27994
19665	19705
19659	19407
3993	3994
30323	7999
12908	5110
24290	23742
4000	4025
13136	13134
12044	10995
19670	17709
12908	12906
11135	19408
30324	16444
12901	12916
5396	16439
30305	13078
2291	27694
14993	6247
30330	16444
30319	899
28893	12614
19090	17708
30326	30303
19475	25518
23525	30296
12055	14245
1596	12907
11132	11131
23521	6251
30314	16444
24651	13082
26309	3624
12047	14932
16394	6775
550	4426
25321	6785
7997	8001
27623	19400
19667	13133
13136	30657
3663	23288
24149	24154
6898	6899
28123	5208
16392	9814
24637	27869
24651	23288
14401	14393
12291	7830
30301	17709
10002	10007
19103	6338
30306	12740
11141	25586
7624	891
25311	25335
11229	7628
13490	30901
25331	25586
11140	11138
7629	17709
7627	26080
17183	17184
4405	17788
19079	17702
30334	16444
10007	10000
1210	27904
13490	13488
24301	13102
19695	16938
25325	25338
26308	26314
24651	27868
24429	29022
4028	18689
11139	16444
20578	12741
12903	10360
30296	27694
30306	30958
20586	19948
19709	19407
24290	24290
19676	27622
10018	25501
10382	13131
19693	19413
28334	2011
12056	3407
24645	27867
12056	28093
20583	17703
9903	28795
19097	28738
23450	23455
26297	26315
14400	4422
28735	23279
25325	25323
26654	18514
30296	30300
26297	28738
11136	16441
21622	4417
24649	24651
12060	12042
13490	901
14610	3744
3672	25439
23965	4422
9997	10009
19680	30657
19286	19276
28753	28735
12824	7887
20242	17136
30337	13094
30323	901
28332	14932
12043	16353
7923	22210
30304	30333
19090	4417
25325	899
6762	17703
4032	13133
10005	30657
19665	19687
16325	16274
28326	26081
16392	9819
19679	19659
19097	19088
23964	882
28122	26968
9900	9904
364	362
18657	18650
19674	19685
13190	21614
5396	30959
26590	17703
3792	884
28328	27202
28980	11653
10009	26078
10003	10006
21621	23449
19279	4426
14993	18016
3790	4343
24151	4000
26303	4426
26308	26305
19284	4418
2289	23742
19090	4424
25334	25337
18651	18666
30334	27573
16315	23740
7630	27699
5230	13100
30307	29231
12826	7884
22763	18536
21627	4422
19692	3734
3792	24152
12025	24816
30153	6338
26315	4418
4381	4403
28736	23288
30339	30299
7629	26080
4398	17788
29229	15839
30326	16443
16390	9814
30330	16440
20715	26078
19699	19706
7627	19226
30332	13747
10003	14932
19287	4418
23450	882
30304	13094
30321	13746
30323	6902
11569	30494
25710	22267
22186	22184
9574	9571
18484	1610
29417	1614
30494	30490
18485	1610
18478	8179
15943	15946
18485	7237
18833	8179
25381	19847
17174	17178
29486	29480
28675	28670
24670	8179
23934	23935
24531	3359
23405	27948
9566	1607
31031	31041
22186	3359
29484	3359
18460	1610
18478	14624
9573	9575
15943	15949
18478	14614
25370	26494
21896	1609
28670	15935
9563	1609
22181	22182
18474	18458
23931	23925
15956	8179
11472	16353
12179	8179
24539	24526
29477	16353
9573	8179
23932	11024
22181	16353
16693	16690
11473	13842
18461	18484
18483	18470
14206	12182
15943	15952
18478	14638
10812	8179
5660	5663
10820	10817
18465	1610
3797	29483
24523	16353
19846	14931
22186	22191
30031	24662
18478	14641
19846	8179
21892	8179
14606	11474
15952	8179
28676	13842
28675	8183
22191	16353
28670	4823
24663	24669
21894	16353
3564	13842
28675	8179
18478	14639
17174	17175
12184	16353
11214	11221
31043	13842
3559	3556
16698	3359
16687	16689
21892	21902
12182	12186
24380	27948
16693	1609
11225	14929
18844	18835
30488	8183
6788	8179
15938	16353
21898	1609
18478	1610
11477	16353
6801	13842
10809	8179
29418	29425
1358	27948
29416	29417
24664	11024
18838	17177
11477	8183
18483	18477
24382	28667
19846	19332
30492	8179
31029	8179
11476	8179
22186	8179
3559	8179
23086	8179
15939	8183
24540	24539
29482	4823
3557	8183
19215	8179
3563	11024
24669	16353
21895	21902
29482	16353
24538	24529
24529	17177
23940	23931
15938	8179
15938	8183
15952	16353
29477	3359
29477	29482
19843	18004
11571	27948
11474	11483
19846	19329
21896	21898
24382	21897
23939	13842
24662	24673
15939	16353
29414	8179
23087	13842
29482	15935
11484	17179
15946	16353
6794	6796
18483	18481
19846	19844
22190	22189
24531	3363
11213	11215
18464	7234
12178	12176
19844	19845
5662	8179
15952	8183
11217	11221
11471	8179
16692	8179
9563	1607
23940	8179
18844	16353
30488	8179
28670	16353
29481	13842
25437	22426
11481	11472
12184	8183
18470	13826
3556	17177
11476	15935
29477	8179
31036	31040
31035	31036
10820	13842
20624	23938
5660	8179
24538	8179
23940	8183
29480	29490
10821	10816
16690	3363
9566	1609
30493	13842
9564	16353
23938	23927
31030	16353
11224	8183
18841	11024
22188	16353
29476	3359
10812	16353
29481	29480
9568	11024
29424	1612
18478	14637
5598	6795
28875	19209
3795	27948
18478	14618
18842	18838
4544	16687
18474	8179
11476	16353
12176	17177
18482	17179
28667	28673
29424	1614
18478	14643
11479	8183
30493	30496
10809	10817
18844	8183
24534	13842
15091	19847
19205	13842
24523	8179
1384	14794
16687	16690
6794	6788
18476	18483
14204	27948
23932	23935
15941	8179
22186	8183
15949	16353
15946	15935
18833	18838
31030	8179
29422	19329
18479	18476
16688	3359
6789	15935
21899	11024
18844	8179
5661	13842
5661	5663
22182	16353
15956	16353
19846	2778
23404	9574
12184	8179
11471	16353
9569	9575
18473	18485
23931	16353
18459	18458
17173	17171
11477	8179
11225	8179
18478	14616
29425	8179
5668	5665
29417	1615
16692	16353
19846	19330
11472	8183
23940	23935
11470	8183
9566	9563
18478	18460
15939	8179
30495	11024
21894	8179
6788	8183
5664	11024
15949	8179
22183	11024
25379	10821
5662	16353
11481	11470
28672	17177
18463	14632
22184	22192
28665	28672
18463	1610
15092	29416
11470	16353
24534	24529
6794	6789
29482	16356
30492	30496
29425	16353
30488	16353
21894	8183
15947	13842
29489	11024
11224	8179
16698	8183
11470	8179
16698	16353
30488	30497
12179	12176
16690	3359
3563	3359
22192	16353
11481	11477
11481	11479
23936	8179
6796	8179
11468	8179
22184	22181
18478	18465
18458	17177
19847	19843
6796	8183
6796	16353
5657	5668
28314	15950
29426	13842
15943	15938
28675	16353
11218	11024
30496	17177
29486	8179
11224	11222
28678	11024
1357	3555
15943	15956
24531	1614
6788	16353
12178	13842
24540	24531
10815	19329
22192	22182
29490	17177
24669	8179
24523	24525
31042	11024
10812	15935
24669	8183
18483	18464
23940	23925
3564	3556
28670	16356
23931	8179
18482	18484
6795	6799
18478	14646
16692	16698
3552	3359
5662	5658
6789	16353
24523	3359
15949	8183
3555	3565
16692	3359
19846	14934
24536	3359
16692	16697
18483	18462
6798	8179
23929	23935
19846	14928
11481	11471
11471	8183
22186	22188
11479	8179
6800	17179
11214	8179
24532	24531
16692	8183
31030	31036
11479	16353
5662	8183
29477	8183
23931	15935
24530	3359
24527	11024
11481	11476
9569	13842
21897	21893
24523	24535
19846	19333
6789	8179
18478	14620
15943	15939
18834	18832
11224	16353
11221	17177
18459	13842
3557	16353
5663	17177
31030	8183
29425	15935
21898	1607
24671	13842
21896	1607
9564	8179
23940	16353
11472	8179
19846	8183
9564	8183
11217	13842
10822	10812
24523	8183
28676	28672
15950	15953
5662	16352
30581	23084
28665	8179
3557	3359
16695	3359
18468	11024
3557	8179
18842	13842
15946	8179
29424	1615
29424	1610
21895	13842
15956	8183
29483	29475
1661	5214
14844	14854
30631	28900
27898	27887
21804	21797
21783	21809
1668	1662
21213	2675
14843	8179
31215	17081
13485	7770
7799	7806
1657	1650
7790	7788
28718	18299
1658	27893
27894	29926
1662	5214
28724	28732
13484	26564
21804	21798
21777	21786
21218	21213
27891	27893
7800	7804
27897	27893
4082	2670
21804	21805
8163	8171
21214	2677
17437	17439
31213	30850
7795	7800
13477	4082
14861	14853
28718	1277
13486	12381
21218	13123
21793	8179
28722	27882
8171	27893
14848	14839
13481	28284
21816	21787
31214	1174
31212	17082
21218	21215
7814	27893
8163	8148
31213	13122
21210	13123
13486	13479
1658	27882
21797	21785
7799	7817
21210	27183
21786	27893
13486	4082
7793	7808
14858	27896
30631	6049
8167	8159
21783	21802
7814	27882
8147	8153
1652	5214
13484	4082
21808	4194
21813	21778
27895	30660
21218	21211
11762	2677
7789	7787
8168	4084
21786	27882
13484	16127
31211	8179
21808	27882
30631	27888
21213	2669
8157	4086
21218	8179
13477	13478
7793	7811
21780	19365
13505	8166
27885	12068
8163	8165
1662	13275
13484	13477
13477	13479
21816	21796
7793	7791
27888	27883
21789	21806
21795	9465
8147	8154
27884	10723
7799	7787
28718	7774
14859	14843
7803	7788
1657	1667
14859	21292
8147	2669
21218	13119
21777	4197
13485	13482
21808	27893
28713	27882
21811	27882
30631	28898
7814	21865
8159	4085
7819	4194
28713	27893
30631	6050
21813	21780
21218	13122
13484	4191
13486	29718
17435	31057
8159	16898
13481	16547
7809	7817
21818	21815
21783	21810
21808	4197
21817	21780
7812	19366
8159	13119
28721	29197
8154	7916
27891	27899
7806	19369
13484	4194
28724	8179
7799	7800
27895	12417
7814	4194
21214	18226
8161	11761
1653	5214
7793	7790
14859	14837
21795	21865
8163	8168
21777	4194
14842	14839
8164	2673
21213	17082
27884	12067
21795	4197
8150	13121
30631	28901
18226	18230
18230	18228
21804	21799
27890	27894
21213	17084
30631	30354
28722	27893
21806	21787
27883	27893
21817	21778
7789	7800
8164	2678
21218	21210
27896	27895
13482	27182
8158	22250
28711	28720
14844	14846
14845	30657
27900	1078
21795	27893
27880	27893
7803	653
11399	21216
8161	8156
13484	13481
7813	7800
21813	21787
21777	9465
21813	21796
27894	27893
11762	18230
21799	21818
14859	2249
13484	23749
7809	7800
7793	7801
14844	14848
14859	2248
7814	4197
13481	4082
21213	2671
28721	339
7809	7787
7809	7806
7800	7788
21804	21777
21811	27893
11762	2669
7797	7813
1667	5214
14844	14853
21777	21785
14842	8111
28728	27893
21784	21814
21214	2669
7819	4197
7789	7818
13481	13481
7793	7804
21787	21818
7819	27882
13484	12379
14859	2251
14859	14940
7795	7787
8167	8151
28721	12381
28721	29718
14859	8179
21804	21794
27895	27894
8166	2105
21210	13122
21784	21778
13481	13478
13484	13479
14844	14839
8158	13122
8163	8161
21808	9465
14844	14850
21211	8179
7808	31057
1656	27882
8158	14324
4082	13113
6050	23055
21213	2673
1652	1653
7795	7818
21816	21814
18228	18227
31215	17082
21217	27183
31213	31212
7789	7817
27885	11170
8145	17085
7788	7794
21218	17082
4082	13111
27902	30657
1665	27893
8167	8158
21814	19369
13486	5796
21804	21811
31213	1147
21218	18186
21797	4197
30631	19367
28717	28714
31211	1137
13484	13478
21791	653
21792	1277
21210	18181
8147	8155
13485	29551
13481	13479
21218	13124
13481	16349
7818	19365
21784	21787
21788	19366
14859	14857
8166	1560
13486	29197
14843	14852
21213	2678
14842	14859
14844	16898
27898	27894
8147	13117
13486	13478
8154	11396
7793	7807
27890	27887
11760	2671
7814	9465
8171	31214
13485	29552
1667	1664
27882	1174
21784	21796
8166	15120
8167	13122
21782	21809
21804	21807
28720	7785
8158	8159
14845	14843
21817	21787
1652	1662
21817	21796
28725	8179
8167	17082
21792	18299
21794	31057
28711	28713
8159	13123
13485	16898
21791	21818
21787	21798
7795	7817
8172	14060
21797	4194
31211	13122
21213	21214
7819	27893
1668	1653
14840	14861
21218	21212
27887	30660
8147	17085
7793	7792
13481	16355
14844	14840
31213	18299
21795	27882
28719	8179
13484	25500
13484	8179
21213	21212
8163	8154
21218	21217
8147	8165
21795	4194
30631	30347
28717	28724
21816	21778
21218	17085
8147	8151
8147	2677
31211	31215
21211	7769
21210	16898
8151	2671
7819	9465
13481	4823
1656	27893
21797	21786
