4813	5082
2039	2223
869	916
640	117
2183	3441
1488	535
582	2462
2883	1603
4614	4612
565	1627
2233	2273
1068	2773
3007	4278
2465	2467
54	2836
1359	4514
945	5630
6129	6140
76	2936
3855	2885
2314	2062
2798	5607
2336	2071
9	539
475	569
1659	5375
2221	2145
6007	5536
3011	2958
3271	123
5056	1623
5400	5358
2844	2842
5815	1409
4543	4124
450	585
925	3796
1618	918
5858	5836
2877	2879
1504	2514
3836	3854
5416	5036
1233	878
2411	2407
4850	4892
3222	884
5815	5920
4717	4726
2877	1579
537	466
2169	2223
311	5351
2323	2051
750	751
2169	3441
4203	4199
683	5914
1494	2514
5512	3644
731	729
6081	6086
2754	918
859	599
3106	5920
926	954
3615	879
3844	1048
2890	3657
5819	5795
2249	2357
167	662
4115	954
2141	2233
5516	4470
5642	5107
63	51
4826	4936
1503	1511
2650	1428
3755	2971
2219	2305
1505	1425
2218	2068
4612	4278
3268	51
608	122
598	466
792	378
2069	2258
4464	4462
2213	2202
489	443
4673	6091
2296	2119
4892	4914
79	4628
5399	5376
4079	4981
629	634
1921	4401
846	4741
4299	4125
3853	4713
5417	1928
795	378
3338	3308
3634	3647
3316	3308
1451	434
953	4470
1298	1257
2427	2403
1173	1146
2336	2329
2734	5920
1522	1278
910	5376
2331	2075
545	632
87	313
486	535
5633	560
2170	2258
2285	2284
4856	4865
5078	2485
4879	4854
5512	882
5400	907
2020	3446
2112	2119
2787	5159
3274	3308
2221	3440
5609	4462
5164	3997
917	5384
683	5912
4812	1339
4917	4920
3283	3308
803	381
2152	2309
5083	5283
92	53
2230	2223
914	930
2945	2931
2080	2145
2059	2297
6185	5384
1370	550
2224	2087
2422	2446
612	647
6080	6042
2213	2167
4717	918
916	5016
4838	4845
2325	2037
2095	2258
4688	4676
4921	4907
595	969
3448	924
4235	4234
5514	3627
3855	1847
2034	2340
5478	5486
5400	895
607	603
2120	2223
1239	5538
557	549
5076	5064
1495	482
5079	494
1274	1271
2890	5153
5609	5633
1257	600
3857	482
919	969
454	473
2335	2291
1608	817
2303	2302
3491	4742
748	5166
643	4271
3608	5930
4569	766
2346	2064
1278	1408
803	1928
2999	918
5714	202
1484	1332
2331	2258
703	4536
5977	1853
1354	1902
5068	1337
583	2846
1465	1332
13	524
5350	5347
2418	2402
2917	174
3011	3019
2506	2507
1504	1282
2081	2165
905	6185
937	936
1455	1462
4098	4327
1904	5397
3264	4327
809	379
3293	3308
6024	245
1519	1387
4615	4585
1285	1284
5536	6003
5400	4470
3173	918
2224	2296
4932	4879
1302	1332
3706	3455
2583	863
4521	4526
2322	2268
582	581
2186	2143
5612	932
276	843
2191	2145
82	1768
2263	2297
575	5684
2191	981
2439	2406
3632	5513
656	654
3754	28
2310	2258
5014	5384
1740	1751
936	1048
3905	864
1876	1892
2266	2119
2351	2119
3593	2983
2287	2145
1942	3432
478	1048
1416	535
2650	967
920	5108
959	567
2439	1173
425	1284
663	664
1527	5854
2966	2966
2049	2011
4288	4280
3258	3264
3313	3308
5612	5376
5047	5057
5977	916
4610	4625
4838	4891
2311	2596
5948	838
3355	3308
4583	1844
2896	4228
4934	4843
1512	5898
989	2485
151	149
1138	1131
3656	946
4254	1003
748	3633
202	4470
4241	3669
427	1284
2233	2327
6271	4683
4928	4844
4236	4240
786	955
4458	4462
70	75
2184	2163
5461	2775
444	2519
4848	4916
311	4684
3867	52
3638	3657
4344	838
2653	6074
5922	5926
6369	4529
2741	2731
1236	2741
3755	4690
4233	5389
571	10
4570	2612
1248	1257
592	1262
1323	5828
3450	5062
3743	31
5848	474
49	68
2319	3439
3833	513
5545	954
5633	896
2091	3440
3638	3647
1909	2643
917	4470
707	705
1339	1345
4826	4882
1471	1364
5589	938
481	2847
5076	3644
1421	1332
3161	443
5625	4470
1602	1637
3269	4206
4233	918
2356	2028
4771	5089
4233	888
1359	1417
1474	1371
2120	2145
748	3644
2249	2047
3756	23
3054	4889
5795	4875
4590	4589
1013	549
2335	145
2020	2354
4526	1575
1307	1432
6182	5384
5838	5886
1239	5526
5513	3669
261	882
5329	5332
311	5335
2313	2267
5642	5653
3336	3308
3448	4321
643	3002
2152	2258
2060	2356
520	469
311	4536
2427	2402
3749	4278
2017	2176
3948	3933
1733	1844
445	5700
2584	6148
1075	1673
1236	5151
803	1931
3754	3764
3845	954
2241	2342
404	3648
3829	1563
3818	5032
407	1844
4046	122
5827	5830
5076	76
6006	5152
2875	3846
2108	2323
4527	1246
2899	918
706	2612
5588	863
1008	1010
3743	3760
1239	6000
4336	4595
4196	4201
2063	2068
2607	4536
2584	884
5378	5392
2928	2969
3520	2591
2072	2145
1236	4743
1433	1284
1511	482
866	916
5064	1916
5150	4006
2398	918
4862	4914
6015	5364
2225	2145
4574	2909
1376	1246
3403	3402
61	3007
5109	4470
6116	855
3760	3778
1304	1459
875	5923
1331	535
959	954
3289	3308
2287	2119
1011	1844
2112	2107
4934	4917
1930	1932
2320	2348
4675	51
1596	4734
5073	2954
5623	5626
3857	3854
73	4278
4891	4873
4470	4475
1624	918
5793	5786
1937	1935
2183	2190
3585	4206
1733	1727
280	2612
2343	2258
1348	434
2968	2945
4671	4692
93	1767
3487	3091
4679	4693
4244	3632
778	3011
4573	5679
4590	4689
660	664
2335	2119
4602	4601
5034	5384
6366	1665
5510	5518
541	450
840	3657
3461	4667
2436	1173
6271	4677
2843	5186
2178	3442
2274	3440
1943	1941
1720	5384
2230	2107
2303	2081
4336	4216
2426	2432
2354	2145
4698	4079
2896	954
449	473
178	180
5612	5401
2088	3441
5547	5158
4254	996
4893	4829
5524	954
6116	2457
2052	2253
104	106
4543	954
5499	475
4852	4849
4232	4730
5076	5151
2299	2290
3829	2885
1651	1656
2595	2589
4675	4695
4820	4854
1048	5412
461	538
4244	5166
5636	5060
1904	1585
4038	842
605	631
3161	930
5076	930
53	57
2190	107
5777	3717
2185	3441
1437	489
2741	2749
3700	3701
3741	2909
2986	2590
2355	2601
2020	3442
2072	2107
419	416
5778	3461
4888	4826
3829	1606
2351	2266
3767	3778
5747	873
2315	2107
3328	3308
637	628
2190	2145
3764	2589
2233	2301
3823	2470
5707	4516
53	67
1905	1428
4762	5083
1893	1887
5630	5636
2178	2223
3608	4470
261	276
3706	3464
4569	4078
65	4528
2437	2403
6364	1662
2957	4220
261	4493
2116	2195
3019	2612
4126	4470
2901	4539
453	598
6106	6104
180	182
3011	72
3268	3267
3744	37
3608	3613
2653	4763
4317	1612
595	954
622	3617
522	523
5967	918
962	322
3001	2999
3858	547
6182	5386
5536	5547
5921	5382
1426	1432
4583	448
792	809
1853	1913
3147	5096
4904	4845
152	394
543	462
190	203
1399	1529
4828	4894
874	5401
2260	2258
2057	2298
4886	4888
3933	1874
1406	449
2653	4783
4316	918
2091	3442
4905	4904
5836	5888
4047	3618
5842	4470
5170	3146
1417	1394
5879	4470
2185	3585
6018	3843
785	918
1878	1502
5086	5281
1917	6032
5279	2470
2136	1222
105	4608
311	5354
3855	1337
3019	172
5967	1844
5642	5102
1584	1586
2311	2119
5639	560
1586	1624
3001	918
2105	2258
1722	884
2942	2960
5967	2728
5078	450
2183	2077
2875	4224
435	421
1417	1497
5415	792
2608	4278
2336	2056
5478	1326
835	1048
1712	2924
3821	954
2832	2829
910	4875
3362	3994
2220	2258
2446	1173
3111	1569
1406	443
2440	2430
1403	1308
5514	882
1500	443
1285	1278
1290	1394
1579	1588
2224	2091
531	5513
5778	3466
4764	5089
6368	4206
587	5152
5922	5384
4717	1595
531	5159
467	482
405	2836
2967	51
2895	2896
50	53
1567	1566
4526	449
5276	3045
4338	5161
520	542
890	2759
6185	4875
1852	1890
2225	3441
2890	1844
791	806
73	3444
5489	1612
4587	4624
5740	918
1406	562
3440	4750
417	434
4571	658
3509	918
5460	2954
2334	981
6036	3831
4285	5398
1399	1284
1939	816
4015	51
3918	3882
2311	2588
805	802
1520	482
5421	5422
3630	607
5030	1144
970	4564
2187	2258
3241	3240
1412	1459
4898	4267
4678	51
1722	5384
2925	2838
6358	6352
5113	1614
2310	2297
4124	888
1456	541
1307	500
4700	6273
1948	1951
6042	4815
1612	1605
1008	6271
2405	2402
4613	4616
1421	1394
2226	2138
2376	2612
396	404
453	4470
3456	4667
3828	3855
6024	1569
6147	918
3741	2917
6369	5185
2443	2403
1510	1262
1628	5404
2294	3440
875	843
311	2909
5508	5152
1885	1852
1432	1362
3753	3748
3570	918
2097	2223
4492	4487
1476	1489
936	5833
2877	2891
1512	430
615	2502
1533	1257
592	930
6116	948
2223	2161
151	5975
2316	981
1440	498
3200	2838
4768	1303
2174	1222
5478	1317
2266	3442
1432	1457
1353	1394
1256	469
2902	2965
449	456
2110	3442
2286	1222
6031	878
1850	1900
2348	2311
2420	2402
1898	1862
4756	6168
3862	449
5058	4470
2185	3439
4238	4238
2444	1173
2052	2214
936	5597
6021	2725
1917	6021
2320	2107
57	48
1500	1383
2895	4741
1294	1282
4495	4487
4819	4920
1056	4988
2296	3435
6042	1364
2120	2150
5931	5932
5421	1931
4743	4730
4336	3198
3581	5930
5951	3669
2087	2311
2139	2336
5793	5924
546	572
2320	3440
2447	2402
651	632
5512	5166
5516	494
547	549
4335	4206
518	930
3515	918
4124	817
2178	1009
5653	5092
1014	1016
2398	2725
3315	3308
3753	3744
5160	4470
4829	4845
4574	2971
5987	930
1180	2485
1368	1425
3597	3593
3435	4206
3575	2470
2012	2258
5838	5871
1620	1627
2186	3439
1324	5830
1013	3082
2233	2343
3006	2909
4037	4234
1592	918
984	2612
3638	5166
5636	3719
4827	4885
3832	45
6369	1718
1373	3412
4742	4741
2090	2191
5547	6006
4907	4844
2348	1222
4781	1451
326	1603
5589	3045
1348	5888
3638	5158
3106	1612
4602	4619
2169	3442
5064	2659
640	610
3402	554
2947	2963
3520	4025
849	2463
734	741
3320	3308
1976	1954
4935	4898
856	525
511	549
1294	449
5034	4864
1718	2924
500	5693
1973	1954
1431	1364
5778	3467
141	144
1431	1323
1399	1394
3836	443
1533	1446
628	121
3743	3769
2822	2827
5059	5057
311	4535
2291	2145
4574	4529
4684	6270
5132	884
5816	5795
5142	918
4684	4697
569	1569
3227	5621
3227	907
2787	2788
5502	5493
1745	1753
2143	2354
5633	5412
108	104
643	2636
1236	1239
2093	2223
3201	3197
2096	2297
2875	525
905	877
1173	1151
3332	3308
936	471
87	100
2077	1222
4685	4674
3832	1278
905	5164
320	1806
2221	3439
2422	2402
1387	1484
4602	4278
2289	2448
584	5696
1381	1284
2332	2214
1406	550
3359	3308
778	2605
5593	918
1878	2655
3172	1627
3593	5062
1406	542
4623	2838
1349	1394
4033	4470
5415	795
1463	1455
1324	1358
2136	2161
5460	4536
2718	5924
1470	5886
4827	4854
3110	3388
942	896
5967	2718
2412	1173
1144	4562
984	4585
4688	4677
3007	4700
3013	2971
2610	2605
19	20
3402	472
2411	2438
916	1048
2274	2223
587	494
4277	121
5516	450
5512	551
5612	4462
3172	918
523	549
2104	2258
1472	5886
4831	4928
2335	1222
1256	5390
4819	4856
1333	1357
2069	2228
795	807
2249	2314
5068	1902
3054	4470
318	895
2116	2152
4295	3846
1751	1635
5489	918
987	1459
4571	2836
852	913
2205	2241
1613	882
1403	1489
2210	2295
844	5636
4539	4535
2343	2290
6369	4148
6364	1687
2242	2290
1886	2639
4729	4719
2066	2311
3857	3848
1384	1345
3019	4682
3744	32
3775	4600
3756	24
2251	2119
4333	6103
1048	4563
166	4529
3195	4590
3458	918
849	4042
2066	2223
3491	918
1440	542
5946	6179
3054	4864
1289	245
1571	6305
3195	1949
2111	2145
1993	2462
2613	4219
454	4708
5639	1051
4511	5397
4731	4741
4878	4881
1879	3403
1241	5983
4348	918
1875	5451
4957	4947
1898	1577
2413	1173
2820	2821
3291	3308
4079	2972
2109	2258
2120	2209
2335	4585
569	494
4682	72
5079	582
166	2971
5816	918
4331	6273
184	4566
4065	4072
6353	650
4331	2612
3011	4536
1323	440
5516	5356
3129	1627
5977	961
5499	930
475	1869
4001	3361
2266	722
297	5609
4332	4333
4332	2612
1019	1022
1505	2514
2224	2274
2346	2106
1272	1457
849	6362
1587	902
3638	5510
3321	3308
2093	2145
3308	2921
2355	2223
2202	2076
1016	499
643	637
4680	4294
2964	6109
887	471
1138	1134
6024	1847
2110	3439
2049	2107
2289	3445
961	587
3248	4316
2102	2297
5078	554
1570	1628
2333	2281
2115	2121
2039	2119
537	5682
3857	1446
5747	1628
2236	2242
3863	242
703	2962
1174	1173
5384	5385
5076	4470
3999	4007
877	5384
1860	6032
4700	4697
1454	1284
599	492
2754	5918
4336	4214
3634	5166
2335	4591
1266	1412
1405	1364
1313	1458
3006	2906
603	609
5515	450
5943	752
2181	2258
2651	510
5097	4864
515	3647
747	4470
3699	4470
4595	2838
2075	2245
581	1048
3754	3756
1236	5538
2221	2246
2117	2258
4979	4689
5086	4470
2319	3440
2127	2218
4934	4920
4673	4685
2405	1173
797	809
5421	1928
4848	4269
5852	1877
5815	1282
4272	123
4821	4914
2074	2258
1466	1332
5052	2921
1241	6003
2583	4470
3756	3769
5987	5538
2915	2931
2074	2233
1510	450
2073	2181
3613	5404
2342	2258
6305	2485
2439	2431
4296	4295
1618	1627
3003	3618
2976	5607
2177	2320
2935	2935
2926	2926
3157	4470
1917	6031
2233	2204
6305	5526
2156	981
2607	3015
6364	1686
2121	2258
5984	3909
1605	5114
6274	4680
1852	413
4803	1303
835	937
905	4489
658	661
569	565
701	705
1917	1274
76	4528
732	743
3402	585
612	626
1330	550
286	5607
73	68
4007	3998
2015	2297
2239	2247
3017	3022
1239	5388
1645	1649
2417	2426
2773	2768
6162	6163
4905	4819
1699	874
6292	5955
1362	4470
5421	1926
905	4037
3753	5040
5609	1048
3749	4687
5068	5057
5185	2591
2845	2842
2346	2056
5838	5697
73	4539
3706	4742
1277	1462
5621	876
3708	3706
1532	449
3450	2912
2017	2258
4286	524
4759	4802
508	5684
1733	1877
748	882
1255	5830
2890	4226
4544	4545
1386	439
452	882
2224	2084
6018	2895
1421	1425
6364	1668
307	2843
1205	4889
3195	4081
2196	2347
1268	546
2130	2228
3832	1858
4879	4829
1483	226
650	654
4913	4878
2623	4204
4850	4844
5255	1628
5633	944
1274	1459
3050	4447
320	1579
1909	2656
587	515
4357	954
1483	1390
961	5151
6241	4520
4850	4920
5632	5105
1269	482
789	1926
1494	1394
1624	954
5815	1446
526	535
2650	578
953	5372
94	2909
5335	4698
5735	2997
4802	4470
3173	550
91	92
3006	2838
5922	4470
5916	466
1272	1364
976	123
1268	478
476	3647
5898	5865
780	2923
804	806
988	918
906	4741
1571	915
5512	5517
1893	4074
936	499
5827	579
2441	2408
2317	3445
910	4043
3808	4216
3905	918
567	514
6293	5153
3741	3775
966	1858
799	798
3	2612
2412	2402
42	882
4788	472
863	955
4699	4294
751	3666
556	491
320	1614
3268	4601
2432	2428
6271	4278
4921	4834
509	535
4587	2838
1014	245
5170	918
2061	2271
2335	4619
2049	2091
468	489
5723	5734
1241	5526
600	485
3510	4470
1410	1394
1860	1274
2156	2216
856	448
559	1571
891	3803
2231	2074
2591	2592
6024	1357
937	5678
1386	5896
3753	3750
2088	2107
4899	4826
4563	4564
1440	5828
2286	2107
5788	5386
852	542
2049	2294
5827	5865
2011	3440
1311	3395
4827	4825
2093	5660
4527	1370
2176	2063
5632	889
2460	4470
3755	776
5514	3663
4297	888
5778	4470
2335	4628
5957	5965
3855	3854
922	909
5698	5694
3753	6111
5509	2514
4466	2612
1315	4285
5510	5512
2129	2161
4229	5153
73	3447
1295	1284
2309	2095
2255	2181
1459	1379
2648	472
767	761
6360	1063
5334	5327
486	443
1897	2656
1326	535
799	797
2233	2258
3968	3940
4881	4266
1250	1425
1892	1847
280	3268
5055	59
1488	1338
3650	3656
5788	5384
1885	2639
2591	2607
5078	1610
807	378
6271	2838
852	499
849	1569
2029	1145
1533	1425
1434	1394
4570	2605
4828	4832
5474	2659
2349	2061
2326	2258
2	4220
2066	2145
5073	5055
72	2941
4731	4730
1418	1569
1505	470
5414	802
1532	1480
3858	535
918	3793
4767	4769
905	5034
2216	2090
1478	1284
4602	4609
4697	4294
1423	1332
541	443
1323	5891
1733	542
1455	1448
1013	2868
642	602
2072	3441
327	320
387	2470
4936	4839
882	918
4038	954
2230	3439
613	4982
2197	2258
311	3753
5006	500
541	562
5152	3996
2918	2918
466	5686
5384	3645
5836	5831
6242	5057
2238	2246
652	654
5642	882
2890	1693
2127	2256
2427	2431
5461	2766
1288	513
2053	2297
1294	482
48	4278
545	585
2468	2467
1620	918
5653	5607
778	4536
1345	1273
6293	5983
3106	5926
2344	2258
1241	5957
6353	6355
4348	888
2653	6088
945	920
5061	4470
2220	2131
422	421
1432	5898
4913	4901
6069	5089
3753	3758
493	451
6353	1680
178	3619
2066	5903
2925	2921
808	380
166	2835
1478	1409
493	2515
475	492
4523	949
3408	524
1461	1383
2874	1569
515	5166
2202	2258
2646	2657
2511	2507
601	443
6369	2612
513	721
3133	918
597	581
2879	918
1904	3908
87	62
4145	4216
2002	918
2435	2413
2335	3440
6274	2838
3466	3465
498	585
1973	1980
868	5384
4286	509
282	3618
1505	1394
5838	5888
799	791
4352	4470
2185	2145
5871	524
5977	1858
3699	5057
6185	4864
2084	3440
6011	1582
3630	5404
480	443
4527	443
4569	2909
778	766
6010	5153
151	448
4856	4897
3357	3308
1592	3587
2263	2258
2441	1155
3741	2902
5614	4462
2212	2217
2591	72
2611	2836
5639	4449
5630	5642
4590	3202
4844	4884
569	492
1850	1872
4048	117
1913	2648
3354	3308
1370	523
62	76
1269	1491
66	76
5130	2470
4672	4690
445	4710
2010	2233
5949	955
5107	5105
5514	3655
587	492
1897	1872
315	313
478	2518
3490	3503
6042	1271
5460	2910
4890	4860
2356	2069
1349	1409
2990	3370
3862	1905
4333	4700
1323	1364
3918	185
2190	2107
2952	6106
2190	2177
6364	1061
2383	1569
6286	1606
4828	4914
805	1924
2264	2246
1917	1342
1890	1900
630	603
3741	168
840	906
5478	1271
2450	1173
893	2761
5416	1928
2376	2836
295	5380
1426	1357
4766	472
422	1284
2097	2119
2408	1157
1148	1165
3018	3013
3847	3832
875	6198
5800	5786
835	947
5417	1929
4850	4893
5852	524
5946	6012
2315	2223
5048	4470
575	1141
2035	2212
1992	2470
2177	2119
2320	3442
838	3797
6160	2489
966	471
3227	5612
2420	2444
6160	6162
2996	5907
3453	1538
173	4981
1250	1284
5056	5058
936	969
2230	3441
320	1049
1458	1394
4513	3388
1733	1446
856	3657
2420	2428
1294	443
5795	4889
643	284
2289	1147
987	524
710	954
2650	1322
2413	2402
1370	489
2253	2258
851	946
2354	2107
4922	4892
5319	5347
5069	5057
3587	4741
2653	4758
2092	2285
642	6176
166	4535
658	660
2433	2431
5429	1928
2968	2930
489	450
3863	3858
2285	2069
307	701
1432	1323
4570	4575
5872	575
5723	5717
5445	3708
5318	51
73	2618
1465	1425
2294	2223
1459	1455
3013	51
3661	3665
2062	2260
2798	2787
280	4694
4838	4908
891	5922
4297	836
5922	850
1522	1394
453	462
5030	5022
2185	2119
645	636
5735	5719
6042	1490
4291	5390
6161	918
2327	2310
3602	185
4866	4844
6353	1674
5384	5388
6012	5545
2890	4222
6305	6005
1530	1425
919	1048
5847	5828
2955	2941
5612	4447
5712	4470
1403	1394
2281	2258
852	529
959	1900
3515	4875
4771	1345
2249	2073
3134	1144
905	4470
4916	4926
919	856
3743	811
4917	4856
3741	4528
4899	4886
6106	3193
980	122
4606	4278
891	4344
747	3644
5955	5538
5498	5493
4938	4470
4849	4831
1624	1592
5800	5920
1532	4292
2301	2069
4038	857
2251	2107
2441	1157
5589	6148
2347	2345
3640	5364
426	4470
2908	2908
725	735
298	575
778	6103
4889	4857
846	918
4192	4195
2895	4736
2724	5918
1239	6003
4578	4569
5006	1844
5384	5404
4866	4826
4513	1877
6033	5930
544	1282
2177	3446
2128	2258
4124	813
1656	2489
1495	1414
750	753
549	4200
5442	807
3630	5372
6080	5084
2171	2258
646	612
5486	535
1480	443
2088	2239
6077	5083
4800	4770
5636	6013
2039	3442
5510	5508
5835	4797
869	935
3011	5658
2041	2320
5951	5384
2884	525
3743	37
3007	3023
4761	1271
6036	1844
5612	4470
3755	2956
5893	524
4982	4992
1274	1278
5793	1383
1511	539
751	4470
2319	2145
2212	2170
4685	5318
692	5167
6044	6081
3450	4470
297	5377
3020	3016
856	5153
2174	2223
1520	1491
1272	1323
1510	1257
4423	4434
594	514
2020	2107
2311	3439
166	4531
937	1845
849	4889
1014	226
4862	4920
2924	2915
4857	4908
606	602
1886	1900
6299	1603
1454	1459
4737	4741
2103	3446
3808	4530
4880	4853
5612	907
2433	2402
555	582
2890	4713
1925	1932
2045	2119
1273	4815
1454	1332
2311	3442
2330	2280
2651	1048
5068	443
878	955
1898	4192
5544	161
73	4215
5815	547
592	600
1529	1364
6353	3431
5872	527
3054	4875
420	1457
5636	907
4291	5395
73	4532
2826	3513
166	2919
2037	2061
3863	226
5461	469
2120	2107
802	380
1285	1407
487	451
5633	5651
5192	955
575	5683
4909	4826
4822	4861
3818	954
161	396
160	5547
618	616
4768	1339
5692	4710
5779	3708
1491	1284
790	1925
3015	2911
782	4988
4464	1589
291	5645
3869	3867
5312	4536
5747	1731
3755	777
852	5153
3933	3900
4931	4881
1500	1262
3708	918
2355	3439
5030	1048
2191	2103
2254	2258
1509	1407
3301	3308
643	615
2251	3442
3348	3308
4932	4829
1412	1284
65	2909
3699	3697
4592	4278
2093	3440
3755	4672
3701	3455
2853	955
288	4470
610	118
5852	5838
951	2762
2125	2258
1011	5152
1672	2769
5068	449
524	5686
798	380
6103	2612
408	499
1369	600
723	4216
760	2618
4079	4539
3011	51
1315	482
5512	3664
1401	1284
3339	3308
1011	1564
1012	1016
3050	918
4334	6267
2224	2315
4879	4859
643	602
5815	5791
486	562
5695	5698
962	918
76	2950
2216	1222
1433	1394
2285	2237
2270	2052
2087	2119
1236	5153
1368	1407
2463	918
849	2462
2824	2828
1526	1285
4569	51
597	596
2741	2718
5921	884
1448	472
2142	3442
5192	879
643	6176
6007	5404
2115	2160
5902	2591
1355	882
6148	6159
5609	896
3833	523
3940	4470
1487	1282
3831	4713
2050	2347
4756	843
1862	4192
796	383
178	181
3019	2935
2906	2903
57	2317
3867	4977
2218	2347
2087	2231
5948	3945
1382	250
5800	1342
4831	4861
1885	2659
406	4206
4930	4922
1432	4470
753	3641
4511	449
4827	4832
625	639
5642	6013
5078	2465
583	491
888	918
3241	3243
5852	1259
5410	5380
66	4619
2422	2403
76	3016
1347	242
2070	2347
1185	1186
4254	1002
5786	5791
2376	2610
534	596
2377	2612
803	380
1294	421
1251	524
3503	1628
1056	634
3590	1051
3760	31
1394	1459
2051	2258
3855	3502
5847	5835
418	472
3763	3761
840	856
4849	4854
2443	2428
2355	2091
1236	6003
2924	6106
5161	5152
4861	4914
5953	4743
1766	918
5969	6018
472	492
5054	5166
73	2339
879	955
4685	4981
6185	4470
1353	1357
4808	5082
797	1928
416	1428
4575	278
1349	1517
4683	51
3198	3193
4904	4920
73	3438
2111	1222
5815	1303
4234	954
4900	4847
5858	1259
5385	4741
61	2612
2650	2651
3918	187
3453	5053
1331	1489
6073	6043
1349	5888
53	1020
5977	2659
1432	1424
4685	51
2485	2496
478	2517
3446	3436
2242	2299
4934	4859
4983	4995
5514	485
4677	4692
3330	4539
4602	4630
589	482
582	519
2877	2875
151	1844
2041	2223
4569	2612
1285	4280
2221	2223
1399	1490
4543	4541
1346	1440
435	1284
2185	2223
3829	5066
5642	296
2986	2594
3741	3197
1651	918
703	704
2446	2450
2294	3441
1444	1357
2066	2119
5815	1271
5838	5882
1048	4470
1733	2462
2019	2258
753	3644
3439	3441
1659	1657
2354	1222
73	2029
53	4213
1645	1648
3013	2940
5450	918
2653	1389
1009	4206
79	76
550	4708
3408	1844
3909	5113
1267	3412
905	953
5341	5329
565	3638
6305	5167
6036	4470
3827	878
478	969
4756	954
821	828
3862	5066
2020	2020
2082	2258
2177	1222
4913	4931
70	1770
2619	4529
3754	5038
1892	1887
2656	1527
4527	1877
3844	4713
4037	4470
5164	4001
2039	2107
4898	4852
1467	1357
6185	4043
936	5030
1454	1409
1368	1497
489	533
2018	2161
1484	1284
778	2940
3683	3467
5636	5639
2084	3442
4670	1567
2225	3440
3655	3669
2443	2420
1733	486
3761	3778
1603	879
1530	1278
5809	5826
3810	943
3169	918
2509	2507
3565	958
6353	1688
2743	2725
1252	449
3408	5360
852	504
3741	4535
453	562
2212	2126
4934	4854
2216	2119
2449	2402
3744	3767
3509	954
417	1424
5735	2996
905	3134
6166	6157
81	59
2072	2066
3372	3362
2142	2246
1900	1849
4334	4683
6364	1683
2162	2019
2429	2439
905	875
1418	1284
2292	2182
4205	4208
2418	2428
4866	4829
2177	107
4527	1606
1151	1158
2900	2908
4693	4610
284	122
5828	1453
543	5373
158	401
3131	916
5532	879
658	662
2830	2831
3862	539
3826	1902
2452	849
1381	1332
4529	4278
4868	4922
2262	2069
3857	1844
311	2971
3002	122
5108	4518
3161	3150
3106	954
2908	2964
1872	499
5872	5838
3832	3854
86	53
3054	3609
608	643
2591	5679
2155	3438
3593	2984
570	491
2640	578
481	4470
935	5152
3845	4713
1274	4288
1239	5534
4331	4018
4342	1048
2172	2261
4858	4914
1142	4564
556	2850
2185	2354
4819	4919
5639	918
3308	4539
4115	918
994	4875
2286	2145
4511	1877
4081	2838
1276	985
4849	4859
3829	3832
5540	5982
2285	2258
1915	1892
3848	4281
2884	1695
569	5153
300	6114
637	122
3822	878
3076	4742
2171	2069
4600	4601
5588	958
1722	878
2018	1222
4921	4909
1472	1425
1370	1406
5967	864
3851	1048
320	2571
1448	1392
1742	817
6185	4889
1426	1448
5311	5307
4300	847
489	449
2432	2436
1244	2725
6242	2718
897	3142
517	969
166	2836
5108	918
4602	4585
3649	5166
800	806
5815	1480
489	458
5068	1847
2238	1222
6062	6081
151	5153
3509	3510
5160	3667
2190	1222
6271	51
1292	5852
1236	5964
2233	2129
2077	107
2225	2119
2120	3439
2999	5913
1273	423
5967	2747
486	5373
569	969
2091	2119
6081	1869
4545	4470
158	392
5084	1351
5435	1924
2199	2145
3304	3308
1931	1932
2142	3440
5950	6015
5948	3942
2346	2347
3696	3696
2877	2485
2653	6070
2320	2223
2583	884
5923	888
984	2836
5164	290
3131	3110
4583	447
4601	4278
4434	5099
1236	3636
1290	1351
2238	2107
1348	417
664	662
1302	5830
2741	2752
563	524
2076	2258
529	514
2836	2835
2425	1173
907	5607
3195	4612
5778	3464
3755	4214
1608	1629
959	569
4569	3021
161	158
1686	1680
4675	4593
4713	4562
3019	51
5076	3654
1909	1872
3857	1337
1401	1623
410	1844
639	3619
2460	614
1904	5228
2224	2225
4531	4528
710	918
1472	1408
2617	4220
905	3177
5192	838
1359	1902
2635	122
5838	4470
2087	3519
2471	2466
4115	4316
489	453
3279	3308
3818	888
1370	1510
388	878
1008	6274
643	2502
1376	1420
2141	2350
2234	2258
1248	1357
3608	918
2411	2451
6024	1862
4602	4591
5166	5152
2294	2119
4236	534
3322	3308
2419	2428
2216	2107
2134	107
963	4470
2318	2258
2948	2970
2355	2107
1412	564
4886	4871
2832	3617
5630	291
657	654
3634	3657
1872	1900
4232	5166
6274	4022
601	449
3255	955
774	918
1614	1597
5067	2912
1569	1627
2366	2369
987	1297
455	882
4238	5161
4115	949
2355	3440
2896	2897
916	969
486	469
4693	4593
3744	811
5943	5158
751	3644
6351	6359
4690	3199
3586	918
4907	4826
3193	4278
3330	2921
643	6173
2246	3442
4571	4675
3862	1563
2383	2783
891	850
436	1497
5826	5786
1672	1680
1512	421
1255	1278
6169	918
3015	5658
3446	3441
4127	954
5948	5957
958	1601
2169	2199
1852	1048
1256	535
3510	5358
1056	3815
467	556
2029	1156
2911	2967
1060	1677
1406	1332
2952	2838
2249	2079
3581	918
5636	3921
2853	863
1465	1336
859	961
2262	2297
4848	4859
391	918
4838	4922
1448	423
5431	1926
587	969
2162	2055
173	174
3862	482
2427	2428
4920	4826
4893	4850
5508	494
4677	2838
1248	539
5069	1342
162	1036
2142	2119
3050	295
3006	2958
3832	513
5514	3652
3699	918
3640	3630
2651	2648
3696	4666
5426	1925
166	2952
3753	793
1746	1593
4598	2838
852	2648
1880	944
782	3619
3857	226
5906	3618
1898	6021
1878	1048
2445	2403
3862	443
5836	4470
5034	4889
166	2612
5061	5076
2122	2119
168	766
1255	1394
639	638
3578	946
820	1210
5056	4470
808	806
389	5153
473	4197
2446	2402
3634	499
928	2761
961	852
2224	2185
908	936
916	856
1906	6037
1472	1364
5512	5519
2177	2107
905	871
920	951
5404	5148
2235	2221
2741	2736
2584	4734
4415	918
536	500
188	4564
1277	1280
1766	3045
462	498
2246	2604
905	917
5514	3649
4594	4625
2122	1222
1776	4206
5967	954
852	969
2337	3442
5310	2595
651	654
3602	3606
1342	1382
644	2834
5341	4278
1423	1282
1892	1893
1483	539
1315	1480
1512	5888
799	803
2424	2403
2746	5918
2880	2890
405	3193
6024	918
2307	2012
2354	2270
2199	3441
1733	1724
6353	656
20	2505
318	5158
2376	4332
2320	3439
2618	4204
5056	1882
64	5334
2183	2145
1571	1627
298	466
53	2612
2190	2223
1455	230
445	514
68	51
320	918
1648	1647
2749	2754
4543	4125
5084	5086
1479	1877
4113	878
5161	3669
4594	4613
2088	2223
6353	651
1014	247
3829	472
3755	4278
1013	500
3608	1049
2619	4204
5693	5694
2056	2254
3277	3308
4333	4619
2352	2053
3161	5358
3933	954
2235	2292
3741	6274
994	5384
1472	5871
5885	5697
2437	2411
4571	332
1013	485
2233	2307
3006	2956
1909	996
5312	5309
1318	543
2113	2162
526	547
1167	1165
567	492
4685	1947
791	378
4762	472
2045	2224
4766	1303
2351	2354
4821	4922
2178	2320
5747	918
5636	902
891	1722
2087	2224
453	542
3307	3308
3195	4589
1447	1613
846	954
2141	2043
2653	6075
5324	5347
1651	5375
1507	4790
57	5346
550	473
722	4206
3634	5158
1324	1379
1371	1877
4332	4536
4826	4845
4127	524
5703	202
1434	449
826	4470
5815	526
5172	5172
3754	37
2116	2030
5593	2485
3285	3308
1333	1448
3862	882
2224	2112
4682	4681
2765	2767
2123	2206
2188	2096
2203	2070
1713	2954
3905	5245
2286	2046
3634	552
6018	5959
2009	2258
483	514
2444	2431
425	418
724	743
1061	1676
5536	5405
2249	2035
1478	1332
4899	4892
4038	909
835	1845
53	3444
1845	1900
1159	1150
3053	5158
3862	1886
2020	2097
3832	1459
3775	4278
2230	2119
2954	2931
4127	1936
1430	1278
5519	478
661	663
3011	3022
3743	22
493	5684
3402	1844
2036	2125
2090	2223
2068	2065
4681	4686
1766	813
5076	600
5948	1916
4908	4873
905	1570
5847	472
4127	1939
533	5693
3676	3678
5858	5828
3690	955
4240	4736
1921	4985
3678	3714
454	479
4898	4859
5100	5099
557	562
1241	5151
5478	1428
6242	5397
5498	499
485	4196
1760	1746
2443	2402
4928	4888
2224	2135
4602	2838
963	5358
3857	2885
1331	1466
1729	1720
2247	2303
4543	4545
2235	2093
2611	2605
4673	3197
449	1956
4526	4320
808	790
1307	535
2087	3440
2162	2100
1418	562
1747	2470
2089	2115
1430	528
2066	1222
2355	2264
513	549
2435	2431
2322	2278
1437	5390
482	492
1056	2866
4700	6269
4848	4824
5514	5166
4783	1271
1659	918
311	2974
4207	4211
1530	1394
1239	5964
4675	4294
6286	5983
2335	141
2120	281
5831	5697
294	297
5070	5048
2988	3364
5512	3641
1476	1278
2648	1392
2305	2083
1579	4744
4834	4888
2177	2145
5512	3654
6247	6248
2473	2478
4921	4855
854	941
4834	4854
2180	2074
3245	2976
4034	4033
2029	1155
3863	245
2322	2317
2311	2011
1495	443
1839	2643
1704	1702
526	550
4434	5091
643	5905
1403	421
4831	4850
2144	2016
4821	4853
5536	5527
2045	1187
6018	4227
1338	535
1878	5454
4363	1361
905	5073
1014	242
1008	2612
3054	4043
1268	1337
3453	5052
61	4528
2020	3439
5078	873
2411	1173
5621	918
2260	2181
1852	3395
4761	1303
6353	652
4781	472
1145	1171
748	3664
3275	4084
5630	896
2433	2435
4921	4826
2084	4465
1284	535
6106	6274
994	4042
73	1228
2087	2145
2874	3855
643	604
168	662
3403	954
2294	2321
685	3991
452	918
1879	1898
3017	3016
3773	727
916	448
5967	525
1909	1617
936	5593
2037	2349
2424	2428
1056	1677
1304	1408
4848	4900
590	600
2947	2941
1324	5888
4237	4741
1381	1384
489	562
5447	3458
2233	2352
2476	2469
794	1931
2186	2119
3829	226
862	874
154	149
1418	449
1256	1569
2225	3439
103	1770
3195	4601
4526	4324
2879	132
5943	5153
151	5953
3678	955
2045	3441
5921	5917
4753	879
2653	1327
1875	3395
5358	5384
2208	1231
480	449
2230	2286
2247	2258
5369	5374
4458	3587
2156	3442
3706	3697
987	1844
2088	2119
5164	4002
3862	914
2039	981
4295	5372
5521	955
1694	499
1256	542
520	873
478	492
3196	4689
4819	4914
3106	5380
706	2607
5636	2760
511	485
1399	1317
2319	3441
138	5664
2316	3446
2090	2145
2936	3008
5142	878
4903	4914
5097	4875
2112	2223
2274	3442
5	500
1635	1608
3825	1651
1386	1276
2595	3016
5518	882
3994	3598
2315	2119
2290	2297
2655	2653
1593	812
4338	1048
2650	1440
1593	813
765	1949
4913	4823
3754	5040
4113	955
3650	607
789	5444
456	4203
57	63
1872	918
2896	4225
2147	2258
845	2757
5788	4470
495	493
497	5691
469	5686
1860	2728
1423	533
124	123
2235	2107
936	5155
567	589
2185	3440
2890	3843
2072	2264
2300	2258
94	72
2653	4803
463	571
4569	331
1712	2924
5036	1931
1298	539
2421	1173
5639	527
2097	3442
2655	1049
70	47
910	4864
3465	864
2875	2723
454	720
539	721
1019	1017
6024	2728
4942	4951
594	585
2460	2463
1478	533
2266	2145
4848	4845
4351	4462
969	4566
3763	35
6299	5167
5836	5882
2093	2119
2410	2415
5780	918
3169	1627
1302	1425
166	101
4828	4825
533	591
5388	4743
5436	1928
1403	579
3829	1886
5440	802
5642	899
520	582
5642	865
3391	918
537	5696
2295	2288
703	706
3829	918
1610	140
3862	3830
87	73
3773	3776
5064	2639
785	954
2947	5325
1250	1278
2746	5926
5621	4470
89	4585
1274	1284
798	809
4590	3196
4952	4954
3053	918
2959	2928
178	3617
1624	4138
2162	2147
2002	1610
565	5152
65	2836
3608	3076
5514	5404
6010	3669
4838	4826
4038	913
6153	2485
543	443
2334	3446
789	1931
1845	3952
541	550
2274	2119
5057	5058
6364	6357
5056	1902
4229	3640
4590	4601
1168	1150
5346	4278
2653	4818
3741	2956
2607	2612
73	62
2907	2907
3581	1628
405	2591
2044	2247
4554	4470
2287	2223
772	620
750	747
582	584
1740	3430
5030	5023
5808	5826
959	471
871	3794
2084	2223
1993	948
4862	4888
1489	430
5072	5076
2148	2186
639	4994
2653	6055
1710	2909
1236	1844
3767	24
2941	5346
844	876
5368	5405
2347	2318
1573	1629
1733	554
5093	5092
511	6344
2142	2048
2120	2119
871	5384
987	535
1399	1308
2038	2127
311	3773
6126	6131
3630	4470
2759	5099
168	4278
478	954
5815	523
5517	551
4899	4848
1351	434
936	585
3836	449
4625	4278
4681	4693
3372	4470
4594	4587
1315	562
470	2519
5815	449
909	1904
891	4470
1461	227
5380	5153
4574	4536
4834	4270
4124	812
70	1767
916	569
2075	2181
4299	843
3859	1048
2178	3441
2724	2746
2444	2421
2142	3441
5466	1901
1474	882
711	955
4351	5606
2189	2075
1927	1932
2852	954
926	4470
891	6182
5898	524
5079	589
261	884
3760	29
937	1048
6274	4601
451	491
1407	469
4683	4610
1410	1278
3006	3021
533	600
2233	2188
1775	4216
536	537
3794	3795
592	5384
3755	6103
2741	2746
509	523
150	5547
3013	2950
452	596
2041	3442
804	1931
2120	277
1277	1448
923	5092
1581	902
2653	6072
6012	954
2653	918
2224	2129
3434	1918
700	4002
2875	1695
5639	944
419	4470
2424	1173
6353	655
544	1962
916	996
2198	2242
6305	4011
587	5153
6182	884
53	2615
3050	5646
4015	1951
1860	5920
3019	2835
4038	922
114	4084
3556	3565
2182	2258
3799	3795
2246	2119
3773	2974
1152	1150
3106	918
4896	4888
5394	4470
1381	1278
1897	2643
2045	2223
1488	1351
198	190
3855	3945
2798	861
5296	918
1909	1900
3195	4603
5888	5865
590	523
5034	4043
3284	3308
4545	954
3866	122
2039	3446
2227	2258
5186	2595
3018	4278
4464	918
2348	2107
5430	1930
5508	3644
5354	3009
5516	596
4842	4859
2134	2119
2913	2929
2280	2240
3862	4281
1362	424
1372	4815
1510	5373
1293	539
6360	1061
2134	2223
1368	1357
1353	1284
5459	4206
792	800
2890	3835
2965	2931
2050	2056
6090	2838
4850	4845
4857	4833
883	2760
2015	2258
2072	2091
5931	4730
489	5373
2251	3446
587	514
5061	5054
1311	1877
2011	1222
1845	1051
4602	4606
5916	575
3587	1049
791	809
3364	3995
2099	1231
1274	1446
3581	3555
1276	4470
2413	2431
3520	4530
3905	3893
5625	5611
2874	3829
2335	2025
2650	3810
6370	4562
311	307
53	1230
2197	2297
2853	878
2154	2176
1733	882
3085	469
1354	1368
4596	4278
2418	2431
1277	417
53	55
5735	5733
5073	4470
2199	2223
1370	449
3173	1569
989	988
3085	551
418	416
2453	2463
4299	499
74	4605
3706	918
953	5705
5460	2836
536	535
5460	2927
2458	607
1465	5888
3134	5384
2065	2024
3013	2911
4824	4890
1270	482
1351	535
2947	3015
6093	4564
6364	1671
923	5107
798	377
854	5606
719	716
550	721
4372	4470
2367	5096
4332	4331
73	52
4693	3198
2441	1174
4852	4834
6292	6003
706	2844
5642	288
3826	5397
4843	4914
2351	3441
905	5372
4698	2836
1275	429
774	5709
4623	4278
2233	2101
914	5405
5312	2836
720	713
3608	1579
3222	5384
5997	5380
6182	4470
2355	2145
4203	4198
2943	2910
626	4402
4783	1303
2072	2018
3753	727
3258	1583
4848	4921
311	2926
5388	4732
2843	2842
3440	3441
2091	4146
597	882
2890	3831
1530	5888
18	20
4124	918
4541	878
945	184
905	874
2235	2287
5517	954
6162	4470
1487	1426
875	519
3011	333
1586	918
1410	1425
736	741
740	741
1369	1447
4913	4883
4675	4981
509	549
1512	1278
854	4462
2132	2318
2986	3268
2619	2966
2895	2885
4831	4865
5106	5097
6305	1595
3312	3308
517	1048
2049	4576
151	5957
3655	5384
3131	918
275	276
2178	2119
1405	4815
2935	2925
39	6013
4781	1372
1949	1951
550	456
2157	2059
1296	989
2272	2258
1750	1755
2080	1222
2955	177
4912	4881
1733	450
4737	4730
2169	3439
2294	2145
5709	204
859	471
4878	4912
6305	5530
2068	2282
5514	585
1373	1311
1720	884
994	4470
2420	2403
5512	954
802	806
900	4470
176	168
937	4035
5609	184
1239	147
1370	1731
1532	562
609	123
2191	2223
5984	838
3194	3195
4893	4826
3197	4614
2986	4216
1962	1965
643	2635
4098	5106
1940	3432
3755	2952
741	726
4602	4621
4827	4914
3203	6211
2233	2232
1330	1491
1892	198
2274	2145
2509	5153
3829	3826
6292	5983
5478	1446
1621	1625
5053	5067
636	626
2162	2187
5664	136
2238	2279
1185	4216
1236	5983
2351	3439
2283	2009
430	418
159	149
526	456
1907	6241
2031	2095
2085	2173
94	2959
2299	2258
3227	945
4058	4060
3161	1569
53	52
1480	1383
2403	2411
4905	4821
2447	2405
942	5384
4587	4627
3810	2659
3818	1612
2216	3446
4541	5384
1456	1491
2443	2431
5022	245
2011	5680
76	3007
2120	3442
4115	5930
5951	752
4826	4828
1512	1284
1013	535
5735	5742
4831	4844
4241	4743
910	4470
5517	596
3862	1877
1236	151
4820	4262
4831	4888
6364	632
4828	4885
1476	535
6160	918
3767	31
2435	2402
2779	2778
2067	2144
3006	4078
1426	1497
1860	3843
3836	3825
2066	3440
1267	1479
3741	4278
4922	4826
942	4470
4857	4840
1003	839
1290	1278
4034	4470
3350	3308
257	1049
3481	968
2653	6061
2358	2441
1359	1421
2241	2297
3613	918
2096	2258
5420	1924
852	1869
3297	3308
5953	5957
563	575
4852	4934
5747	5744
636	622
987	1384
955	3801
1388	1408
4295	4224
518	456
2039	2122
104	6271
5815	443
4676	4697
1008	4216
3862	919
4790	4813
648	654
2950	2924
1716	2945
1286	482
4299	954
800	380
1976	1980
2653	843
3196	3200
72	71
1895	915
905	5384
2584	918
1596	4741
6024	6036
1011	3846
2032	2113
1056	1673
2602	2607
933	5384
318	1569
3821	918
5967	5918
2224	2145
487	5684
2618	4219
4025	4021
4570	4536
6051	6087
1626	1700
2653	1635
4127	4128
2064	2258
847	955
5373	5398
1353	1426
149	146
2812	2360
3829	1562
4932	4930
3698	879
2050	2258
583	4470
4342	5161
5734	5726
850	5384
595	2515
1581	1592
3245	2978
2233	2146
1733	469
2383	2798
4542	4541
178	182
4079	2921
6305	5964
2323	2092
923	918
5782	3717
3818	918
2224	2351
4893	4854
683	918
1490	500
1522	430
6161	6162
1696	5397
103	1772
54	4528
887	1900
1432	1392
3638	5513
1367	1458
4541	884
3054	4042
516	458
4511	5062
570	4470
2917	2955
2656	1048
1274	1497
2212	2098
5478	4815
4921	4820
2293	2347
1847	2639
913	859
2351	1
87	768
1488	5888
6105	6106
1131	1134
3456	3463
966	459
2421	2445
6108	6271
5276	5275
2356	2171
5872	5828
541	449
550	445
4683	4294
4523	4526
4237	3671
546	478
2157	2105
422	418
3867	96
1872	2659
905	897
2611	3018
5977	1900
4322	918
518	442
172	168
168	2612
2439	2402
808	807
805	807
4917	4888
628	117
807	1930
4828	4854
2216	2145
2192	3438
1048	1052
3829	3825
496	469
427	418
772	4983
1315	1414
963	5384
5034	4042
2979	2976
1056	4986
827	4470
4470	4495
1463	1379
3656	954
4869	4914
5835	1428
2450	2424
2798	895
3763	32
4698	4686
3408	472
2158	2109
4602	4618
1395	1497
340	338
3586	902
5515	524
1425	1426
5078	2471
2368	2369
4511	5057
1368	535
622	4986
2875	3861
2183	2223
1235	2470
1421	1357
564	579
4580	1051
5593	1595
4909	4845
2066	2107
2162	2229
4577	4578
2556	918
2235	2243
61	2936
2190	2183
5022	226
4771	1303
1331	1278
1345	434
183	44
1008	2377
2323	2010
1479	3395
6293	5158
1454	1271
2199	1222
3019	4278
5965	1569
4854	4845
4411	3134
1330	482
2642	1344
5793	5920
3013	3020
76	6274
1333	1455
3947	3961
3584	4216
987	1278
2124	2258
1472	1489
2355	2018
1418	1409
3264	5106
5517	4710
3808	1709
3841	1048
1013	523
1011	914
5642	918
953	5384
3491	5930
2049	2032
613	639
4925	4857
455	444
3754	25
544	482
1136	1134
1295	482
3296	3308
5415	5432
1472	1272
1331	435
2296	3440
4602	4608
1384	1379
3623	122
522	449
914	569
4526	1844
2999	5914
643	3272
2061	2128
73	82
795	790
2174	4335
2156	2223
597	1877
683	5911
2642	1877
386	954
1008	2836
3999	4470
5778	3458
5058	68
311	2943
3520	2872
541	5395
518	520
5400	945
4905	4834
3699	4669
1885	2643
4351	918
4827	4880
991	990
2323	2139
1615	902
5951	3647
4700	4691
5852	5830
796	1924
778	776
1919	1921
1500	489
4689	4694
2235	2142
5747	1736
5747	5717
1487	1357
1735	1720
1315	449
4402	4404
526	523
6274	2950
3408	1847
6293	5152
1376	4816
1399	1489
2890	448
626	5455
2653	6062
1868	1900
2196	2258
2875	2718
5902	5901
2072	2119
533	5695
739	735
4824	4856
6242	6248
914	5404
5097	4042
3833	535
87	81
2268	1222
3761	29
5948	3906
80	4685
307	705
1525	1345
3408	1271
108	101
2295	2197
3013	3006
5486	469
852	585
1472	5891
852	3657
2595	72
3829	1905
3918	3933
1510	1284
3329	3308
3129	918
1236	5526
4918	4873
3014	4278
537	5681
1993	1136
4594	2838
977	121
2049	3439
1355	1877
4834	4929
261	950
3006	4538
1274	542
4236	499
2174	3439
2924	6115
2976	296
2102	2258
4788	1372
790	1930
6036	3841
2443	1173
2151	2258
852	5030
1395	1408
5795	884
2890	5384
5739	1734
3180	1627
5346	100
3744	3769
2417	2402
2233	2014
1624	4741
4332	2591
559	587
4545	884
2212	2058
2284	2075
875	954
643	642
1032	843
1014	549
4608	2838
452	581
2322	2259
4771	4813
845	4327
1875	2659
3487	957
2224	2230
906	4743
6020	1049
1944	813
1512	5893
520	918
5172	918
5058	5051
1585	4734
518	969
4583	888
2011	2145
2441	1173
785	864
2829	2831
5006	1612
905	1626
469	600
4229	3647
2731	5926
1532	443
6198	888
5058	5064
106	2838
5076	5067
2335	3439
2424	2402
5431	1931
800	809
4127	4121
2935	2918
4698	4080
4217	4214
1348	1937
2266	3440
3743	743
311	6274
937	861
2084	2145
3347	3308
1241	5380
5544	5153
5440	1925
594	1981
2319	3442
1248	1459
2113	2280
2418	1173
2199	3442
5690	4470
3741	4078
1875	3402
3268	4604
905	5108
53	4216
6116	2455
6360	1671
1368	1284
4240	954
2348	2354
846	965
5465	5466
4917	4922
4802	1428
4886	4920
2186	2223
4594	4601
1694	943
2319	2223
5441	5419
643	980
5452	4564
4868	4829
2355	3442
2955	4685
2072	702
1300	1284
493	2517
3492	918
2584	843
5735	3001
5068	1844
751	5166
2233	2094
5514	4470
2976	5380
4855	4929
4935	4888
493	539
4788	1303
991	987
5512	3663
5704	202
6366	1061
2417	1173
2852	6148
2141	2086
5612	5384
6036	3843
3825	4470
4941	4562
6081	2639
4283	4280
2777	2778
1285	5898
760	68
3608	2398
2852	4734
2890	3850
1872	525
3836	3833
4695	4672
5815	535
1733	1271
2162	2272
1694	5364
1370	1480
52	82
6305	3663
905	4492
4295	5404
5508	5517
1511	4289
5444	5421
2090	2119
5356	4734
2960	2909
317	326
2854	2470
4332	4334
1173	1163
2250	2258
4883	4881
2875	954
2963	5341
5078	2466
655	632
3714	3698
566	1678
4550	4554
4625	4603
5872	524
312	4685
2199	2107
856	471
445	589
2450	2431
2068	2026
4934	4914
53	4220
2045	3440
5922	5391
2655	2657
3467	3456
2431	2411
518	473
2655	2651
3701	3701
2191	1222
4408	918
5417	1930
2323	2008
2161	2441
4569	4536
655	654
4127	537
3395	1847
2183	3442
1622	1624
6364	1665
4286	535
4822	4847
2177	2223
4337	3671
1904	1874
6119	4470
2174	2145
3656	918
2246	2283
1368	1278
3829	954
3699	915
2653	6057
541	533
1432	417
5431	802
2874	1847
1412	1278
3131	550
87	92
4680	6091
2335	143
4856	4844
104	51
905	3845
522	533
1249	1345
856	5374
6012	6011
5692	4706
5921	5925
1885	1900
2351	2107
1362	1276
543	449
1416	1394
3613	3057
50	83
1068	2868
5424	799
2200	2258
2221	2119
910	4889
2408	1166
160	158
4249	5161
2348	2049
5514	5372
5997	5152
5351	3009
2351	2226
2657	3814
5630	5625
1068	1681
1889	1870
2041	3446
2901	2936
1131	3724
700	691
3829	3412
569	1048
3829	1847
1913	1878
94	62
2134	2145
1775	1186
3797	3802
1295	533
2074	2297
3308	55
6274	1567
5700	5698
2294	3439
1256	449
4284	4291
808	809
849	4043
1410	4289
961	471
1838	1913
706	101
550	4711
2164	2212
1472	1308
3173	533
791	380
4229	4470
6274	4679
5977	909
541	535
2986	2612
4819	4888
5517	2777
3855	3826
5946	6007
5310	5307
2265	2258
486	500
2890	3851
905	5921
2377	2376
856	504
2335	2208
1300	5571
1147	1159
3754	22
916	594
5967	6012
3839	5053
905	5048
2618	2622
3410	4011
4586	2838
513	485
569	476
614	608
4922	4882
5478	482
1509	1284
410	499
4956	4947
4898	4922
2142	2223
2233	2054
4848	4262
913	1844
2068	2333
204	203
804	1928
4676	4610
579	575
4127	888
2445	2422
3050	941
3282	3308
2041	2119
1251	5852
1356	247
2285	2056
432	4470
515	3657
2189	2258
4756	918
4827	4859
5826	5791
1003	1904
4569	334
2583	955
2110	6368
2376	2606
2421	2402
2049	2119
5612	896
533	479
2928	2929
1623	1618
2317	2448
108	2377
1694	525
1003	884
1615	1600
59	57
2300	2083
3054	5376
5385	5404
522	466
1234	918
5827	5827
2771	2767
6158	6162
1694	617
1497	509
2235	2072
2023	2095
5514	5509
4820	4914
4852	4888
2355	3441
575	4470
1068	1677
2087	3442
6104	662
4286	4290
3019	3197
5515	542
919	551
3835	4713
1250	1357
1408	1277
1403	1425
518	1048
2190	2312
3011	4681
1954	1980
2156	2107
3756	29
600	549
4994	3618
84	76
1904	3977
5489	954
1390	1339
5478	1847
104	6274
5793	1262
1226	1229
4578	6103
5943	5965
1921	4405
2190	3442
3412	3388
1270	1332
4924	4869
6033	1628
4820	4920
2315	3439
293	4470
5836	5842
595	589
619	644
2034	2200
1935	1938
3007	2838
4252	4736
1277	535
1403	5888
3850	4713
1437	1370
1405	5891
2197	2295
6021	2738
1533	1394
1476	1308
1313	1261
4538	4534
4686	4673
587	954
792	790
4295	3134
4588	2838
3000	1606
2142	3439
5852	918
2947	3016
2939	2968
984	983
1388	1339
537	4470
5156	4010
2945	3009
1467	1519
1003	459
1294	1284
644	626
1448	434
2320	2174
2447	2431
318	5152
2195	2297
4590	4625
6052	5082
2200	2340
923	2759
5115	1603
916	5405
3408	513
2245	2181
4856	4866
3011	2838
2162	2328
5517	2779
108	2836
5977	5957
1879	1870
5052	5058
517	2515
3915	3942
4578	5658
4697	4670
1504	470
2229	2258
160	389
2350	2194
5417	1925
5852	5886
1879	1862
2110	2107
1324	498
4587	4622
4880	4905
4345	4348
5590	2470
565	5159
2890	1606
73	4534
4689	4699
4331	4015
2952	2908
120	119
2316	2119
1478	1336
945	1048
166	3198
4115	1628
2079	2297
1627	1698
1766	816
2066	3442
2338	2258
4571	331
1450	1379
4897	4882
5967	2725
4583	918
558	1673
905	2912
2230	3440
4753	958
2924	2931
5054	1538
2238	2145
5506	4216
4686	4294
2195	2258
6042	563
5154	3733
2111	2107
572	500
6024	3831
3278	3308
4838	4829
6024	539
65	4081
936	2648
2653	888
1338	434
4124	1576
1467	500
3836	2885
2405	2412
643	620
479	492
4068	4470
2441	2437
2045	2354
963	520
4631	4278
5148	3724
2178	3440
2191	3446
6364	1063
2181	2009
2427	1173
4729	1262
3461	3456
2122	3442
2941	2941
3755	3197
4928	4829
3083	957
1892	4470
2215	3445
133	5664
3017	3010
4753	878
5384	4743
936	459
4060	918
3317	3308
4850	4826
3750	662
5508	3663
145	144
3630	3651
5702	3388
311	2945
5987	1858
2311	2223
1418	600
2640	870
6127	6123
937	4257
3007	5658
1733	562
5651	865
4574	2836
3147	3142
4888	4845
2967	2934
3314	3308
2460	5364
5084	4470
297	5644
772	3244
6360	1665
2168	2347
1416	1332
2348	2246
4578	4571
2024	2344
863	879
5831	5885
647	639
762	766
2646	2650
2097	3446
5079	450
442	3663
2432	2431
4849	4920
3111	1858
875	888
3093	5372
2178	3439
2154	2017
2266	3439
3596	902
2426	2402
5957	5527
747	3664
772	3242
6369	763
4788	1440
3656	617
550	1973
606	2502
1636	1576
661	664
2260	2330
6182	850
4766	5828
3157	3142
2235	2140
2257	2138
1136	1139
2898	918
5416	1925
2653	6049
3593	5057
3408	1364
6274	4278
3829	1357
2079	2258
1495	1480
4272	4993
6274	4015
1239	5376
5402	5396
2440	2442
175	163
2901	3012
3717	2485
6106	4615
3393	5167
5852	5858
2619	2972
4838	4854
6153	918
2336	2021
4824	4854
3440	4748
5943	1623
3173	884
3717	3706
2107	2441
1487	5871
3160	1627
2653	1460
3829	1877
2477	2466
3	4216
1593	1601
318	884
1466	1357
5943	5955
53	56
5977	5984
3945	3906
5064	2912
1434	482
3862	5151
518	2462
569	5152
852	906
966	1844
419	1392
5540	5545
4928	4835
3862	2885
5788	850
5053	165
3520	1709
1472	1457
5621	896
5512	494
3013	5657
5795	4042
3298	3308
93	47
523	5694
2174	2119
782	3618
5076	5051
2308	2258
1852	3408
5678	4562
4920	4845
5498	1595
638	123
3755	4528
5340	5347
1504	478
937	891
2018	2107
1256	1388
2274	2091
5489	4345
175	2844
3858	523
2238	2335
2338	2297
1507	6044
2441	1146
5426	807
1993	918
5474	558
3587	918
1187	4206
2002	2007
5651	4462
692	4011
1405	4470
1622	902
4127	4470
1300	6064
3701	3459
595	2514
4907	4845
6042	1415
3699	5062
2294	6102
3696	4470
5122	4562
5916	562
5277	878
4032	4038
2337	2119
5547	5153
2963	2941
4954	4957
702	4206
3408	1303
4236	4736
5383	5393
4859	4892
311	300
4924	4865
3565	955
1376	1621
2051	2346
4332	2606
328	1835
3408	1446
2646	2653
1418	550
4852	4871
4921	4871
5593	943
4357	4470
623	634
2251	2334
905	5621
2078	2151
5540	5986
1417	1425
1433	1497
2260	2023
3248	918
2619	4534
4831	4920
2890	1048
4105	2470
168	4693
3651	5166
854	5609
557	513
4083	1948
2356	2258
4932	4914
3832	2868
3612	3608
73	761
4607	4610
1410	542
1860	1870
2217	2258
1068	607
2020	2119
518	499
5078	2470
4300	4297
533	556
1432	1409
587	510
4834	4922
753	5166
4216	4278
442	5372
4286	3103
2294	2107
5079	596
1011	1014
1410	1407
1582	918
445	6333
4868	4854
2334	2145
4728	4719
4286	3098
1913	996
1344	1405
2876	2877
2788	2796
4834	4865
4838	4856
2877	918
1480	449
5519	517
2583	878
2077	2041
3741	4529
2754	1625
1472	1394
3349	3308
3012	3018
4848	4854
811	5420
4351	4470
959	2648
3268	3268
3755	72
5036	5037
544	473
4821	4842
2224	1222
1354	4514
4331	4677
2214	2114
1907	1870
1011	1561
1292	1394
4546	3671
6159	6169
1472	1332
5698	4470
3855	3825
6042	1428
2224	2110
150	6000
3753	6113
105	4596
2411	2415
2932	4204
6010	859
386	1628
1530	524
143	4206
1717	2962
4766	1275
2160	2258
2337	2246
5957	5152
2174	2107
6130	2470
2083	2201
4771	1271
2408	5776
5896	5848
1136	3733
5997	607
2305	2300
751	3664
3656	4470
2653	4800
2135	2094
2296	2145
2634	3618
5478	550
852	459
5079	503
1432	1364
5043	163
1465	1394
963	910
2509	3657
2967	2947
2642	539
2411	2410
2222	2258
3308	172
1298	1425
5639	487
3706	3700
4854	4892
3755	4593
4540	4534
4677	51
4677	4686
1746	955
747	882
446	458
4675	1567
5101	5097
4333	4698
1418	1480
5835	542
2112	3442
54	4600
5498	471
1300	5888
930	5372
5439	808
2001	2462
4677	4693
566	2463
5588	878
714	716
1434	443
603	626
2818	4470
1458	1459
5388	5404
1417	5362
5356	4470
772	638
4572	2612
1285	1425
1370	1318
2411	2423
4848	4867
1866	5397
3300	3308
633	636
1437	535
2279	2121
6364	1664
1416	1426
335	3103
2510	2507
2890	4230
4783	1345
1478	482
2825	2828
2650	3395
3180	918
1056	1662
5063	5048
3393	3991
1367	1289
2225	2224
840	504
2165	2258
4602	4605
3857	449
6007	5405
905	4734
5421	1925
5951	1618
3173	916
3690	3698
981	4206
4575	4572
786	878
1656	1652
2999	5911
424	1457
3271	4987
1835	918
3857	1278
4874	4860
2947	51
397	4470
1304	539
73	2622
5612	5374
459	492
453	496
2914	658
650	632
905	5062
4132	4742
2337	3440
147	154
2087	2354
2656	1051
5498	2485
753	882
5710	4509
6305	3669
3760	24
261	5384
2336	2331
2218	2258
926	918
5950	5547
865	3800
2120	1222
3006	2973
5633	4462
2285	2033
5536	6000
936	529
3584	1186
6369	101
3248	949
2230	2148
6091	6090
2351	2235
1637	4741
548	514
4276	122
1015	3840
706	705
5778	3460
6274	4614
4336	51
4238	4241
4899	4859
3855	3484
3863	1450
2169	2119
469	5694
2251	981
2653	1428
844	184
2185	2224
1532	1492
772	4985
803	809
2884	5403
1423	469
2126	2078
4006	3992
1594	1575
3683	3682
1539	1659
2049	2184
2731	2736
5076	1569
5793	1342
1454	1278
419	1497
54	2901
2078	2104
2072	2223
3007	51
2606	2611
2446	2431
2650	1877
2199	3439
2245	2258
2183	2311
4856	4826
5153	5148
5514	450
6016	5533
6042	579
2114	2116
1733	482
166	4145
2174	2022
4527	1902
6299	3991
994	4043
3763	3769
3829	245
4679	51
4685	4278
2958	4278
4818	1415
280	4216
581	1692
2311	2132
6103	4216
1533	1278
2296	2107
5332	5353
5474	5461
5698	5685
575	583
339	1944
1600	918
5415	1930
1353	1332
905	954
4826	4913
2841	4206
1511	1262
1993	2002
3831	1048
1606	918
1290	1425
2011	3442
2900	2938
1450	1448
6364	4470
5076	472
3114	3114
1294	430
4587	4598
1298	1394
4860	4847
2653	6043
518	554
1355	469
2910	2931
2177	2123
536	4290
4083	4675
2259	3441
5053	5064
2895	1595
643	628
2077	2077
2890	4227
3018	3023
2406	2402
389	397
2201	2258
4333	4688
4574	4145
4831	4835
1423	5390
292	5644
4272	4275
1921	4983
2103	2145
3814	888
324	326
4824	4842
469	549
6018	5380
296	4470
5838	5842
5852	5828
6033	918
747	5166
1419	1892
4630	4625
751	882
3995	3599
5800	5924
3281	3308
764	765
808	378
4921	4866
4404	4403
261	918
2224	2045
5164	888
835	996
1362	440
1036	392
518	581
1345	423
1532	482
4845	4926
6241	1882
5281	5284
4574	4081
152	1032
53	4539
4098	4316
453	545
5778	918
581	969
1349	1278
4338	1144
435	418
518	514
3391	4741
570	2849
5281	5282
2077	3446
3345	3308
299	1133
1432	509
2660	2651
1652	918
871	4470
2225	3442
2169	2841
3013	4619
2199	5184
3510	895
4236	4470
3484	918
753	4741
3832	1307
5509	528
5967	6001
6042	1424
5096	4327
522	443
5609	4470
961	450
964	3806
759	761
2186	2145
1283	1458
802	809
564	524
2049	2120
5329	5328
5862	5872
5056	4520
3341	3308
2020	2145
2619	4531
1858	2651
961	1606
1733	1847
467	1968
557	5360
794	1924
2268	2235
2426	1173
2024	2085
1467	1490
5795	4864
3761	31
2288	2037
877	5612
3755	5341
3106	888
452	589
5922	5918
2095	2205
100	4585
3857	1847
2044	2303
3133	1627
2736	5926
1905	1900
520	2458
1331	1308
642	2502
92	51
779	4206
2111	2088
2311	2107
1736	1720
5536	5404
2216	981
2445	2431
5788	884
5376	5153
6263	918
5642	5644
6263	5930
419	5871
6080	1428
5072	2971
3335	3308
4838	4918
3862	3826
2960	4079
1344	1276
6129	3900
5780	3708
4466	4216
691	882
2436	2449
3833	2868
1849	1849
785	5394
1368	5390
887	2648
1879	954
5446	918
597	3412
976	4993
309	312
2337	2223
4332	766
704	5902
891	5384
3019	4981
531	514
3391	3421
2244	2442
6369	4534
2199	2311
521	494
4542	4545
2340	2293
442	5153
2251	2145
2071	2258
1434	1337
4458	6013
5946	968
4233	5384
5922	884
1430	1394
4896	4826
1013	45
4295	884
587	559
1390	1379
5014	4470
1449	1395
2970	2970
2421	2403
1294	539
3855	1015
2833	2832
3011	3009
4233	5411
4254	531
2142	1222
6024	3828
1370	585
408	1844
5372	5404
936	996
2186	3441
5508	3654
913	5153
1300	1448
6021	6033
6042	1305
2374	2376
1578	1697
1536	1704
595	500
2304	2214
1898	1870
4419	2470
3395	1246
1339	1448
2287	2018
1003	5384
1860	5924
1379	4470
2376	6271
3181	1844
4526	4327
1890	6081
3311	3308
4879	4920
5827	5828
4526	4316
4076	2937
5826	5924
2235	2276
3134	884
2342	2297
2437	2427
5461	5462
5474	1900
6080	4470
5450	3708
1386	472
2416	2430
2917	2921
2024	2038
1267	1877
2602	2836
1904	5244
589	1971
3272	122
901	918
1466	1284
2875	2728
1845	1603
1022	1021
5514	3666
5514	5161
6042	1446
867	835
1160	1171
5706	203
1186	4601
4693	4278
3013	2838
4763	4770
475	2648
3520	2871
954	950
3227	4470
2296	2223
1399	1408
1353	1282
1395	535
4529	4536
2736	2728
2045	2145
5384	5153
561	2851
2031	2181
2097	2251
2332	2258
2106	2064
5474	1843
2138	2323
5848	538
1672	2765
304	4078
2894	2875
3201	3199
1709	2972
4862	4826
278	51
5847	1451
966	1606
5255	918
942	945
3836	3848
892	2757
1186	4216
73	4535
4929	4888
5589	851
2367	2364
4781	1303
1762	918
5220	3906
1510	562
5827	524
3596	3587
1904	3944
2650	3408
2416	2448
542	585
1370	443
3859	4713
3461	864
1389	1345
2769	2774
2169	2145
1522	5827
1359	1302
5951	5965
3346	3308
5639	4462
4681	51
288	295
6293	5975
2287	3439
5460	2607
2935	72
3620	3618
5609	5605
4854	4826
4127	335
1474	3412
4938	5166
2422	2431
987	523
3654	5166
435	5898
3442	4747
2875	5403
3091	957
5132	954
1416	1489
5512	483
4591	4625
610	118
3013	3009
2115	2234
2133	2258
639	4983
2891	918
1576	918
4928	4859
2619	4219
4939	4470
2142	2107
1488	547
1495	1337
606	4276
2235	2145
4812	1303
2252	2224
2120	3440
924	3805
2363	4470
2653	4812
1454	1384
2240	2165
4924	4932
2077	2190
5335	4278
2621	2616
5394	4734
2224	2107
1324	5827
1522	421
5073	2959
1371	3395
2896	4224
914	1844
1362	5828
105	4592
1922	4402
2120	3441
2937	2968
1355	3412
2110	2199
509	485
1298	1278
1326	1348
2284	2258
4893	4844
4828	4859
2642	3388
5514	549
4578	2611
5113	5930
2973	2903
2255	2258
5547	5384
1249	1379
1372	1323
3440	4746
3699	882
5440	1924
2831	3619
6353	653
1370	1383
781	4206
1270	533
4121	882
3276	3308
2091	3441
2650	968
1472	1490
4932	4854
1585	4470
2655	1507
5277	958
3181	1571
4572	762
1709	2971
4146	4206
486	449
53	3447
4859	4826
2183	2149
945	1144
2013	2233
416	335
2112	3435
6018	5403
5893	5888
2049	3441
3173	1902
2118	2213
1487	1394
1060	1666
1269	522
2062	2113
905	846
3161	449
53	3438
1011	1012
303	311
1014	216
1348	4815
2653	4771
1290	5886
2304	2258
1522	1284
2429	2431
1531	434
581	542
4921	4859
4803	1339
2087	2107
1261	226
987	1847
2026	2332
3755	4535
1609	1620
4886	4834
5957	6015
5372	4745
601	489
1417	425
5434	807
2403	1173
1426	1455
2618	2619
804	376
2264	2145
2653	4768
6305	5967
5394	918
592	5153
2556	882
5815	1262
2018	2145
3638	551
891	5788
2321	2354
2315	3442
2128	2271
5078	542
2357	2031
5826	1262
1576	4470
1186	2612
523	5686
953	1049
2408	1161
5478	5474
3295	3308
6364	2769
3906	1874
2230	2224
3021	2940
4275	4987
3131	533
1241	5964
1892	5303
2890	3846
1068	1675
3287	3308
5421	5443
4329	954
1597	1628
546	500
3808	4536
4602	4592
887	943
2117	2277
1334	1357
476	483
1280	457
1694	4470
5893	5838
2874	2883
2773	3815
6080	1457
2991	3360
5930	5938
5831	5689
4871	4896
1008	4278
2947	5344
852	996
3323	2972
950	918
4351	861
613	3619
3829	1844
2110	2145
2441	1019
778	768
547	485
6024	1844
5946	185
1576	1608
919	495
720	717
2142	2145
2131	2297
465	2514
4928	4854
5069	1262
2884	448
3855	1916
2234	2181
4037	4736
445	5693
714	713
2106	2258
631	626
2287	3440
500	549
5778	3465
6364	6359
4342	1144
1236	3657
4869	4856
3491	1628
6181	4564
1694	607
4229	5166
4334	4336
2240	2265
2045	3442
416	4780
452	3412
4761	1345
3453	5062
2268	51
750	748
580	1628
53	2614
4240	5387
4863	4860
887	569
5967	5926
3388	1902
1529	1457
4968	4948
4857	4880
2259	3447
1418	4284
2650	2642
6080	4815
565	1606
994	4864
53	4278
1711	2905
5076	5153
1292	216
1892	4516
4802	4797
905	850
73	67
3343	3308
3011	3021
1395	1384
2315	3441
2216	2223
1440	562
2442	2423
566	1679
6036	3832
2998	918
3843	4713
1476	1394
5064	1869
1880	1890
1913	2642
5277	3030
4700	6268
4743	4745
5977	930
3520	4021
914	594
3360	3995
5184	4206
1400	1351
2650	944
6046	5082
103	59
2244	3438
3013	3010
6116	2454
6293	3647
4527	1847
3763	811
5424	1929
4515	1877
2288	2325
4079	2917
984	982
5006	2514
3403	851
2509	2510
1372	1405
453	607
4842	4920
3699	4667
6248	893
1180	918
1577	1582
1993	873
4903	4911
4618	4625
5034	4470
6206	3219
4065	4066
151	5983
1241	147
5536	5372
2320	3441
4203	4470
510	492
3408	5891
649	654
3520	4216
753	3664
4880	4261
1835	5152
6355	2771
953	874
1454	1497
1926	1932
641	612
328	318
4254	4484
541	5373
1520	480
5723	5742
3855	5158
2648	534
2657	954
3243	3240
2077	2223
2354	2020
948	2462
1448	1273
1923	1919
2063	2258
2653	4788
3011	2936
5187	2838
4587	4623
1913	2643
5633	6370
5255	4742
2446	2428
5612	918
1163	1164
5516	542
4852	4868
132	140
518	590
3893	918
3832	539
1434	550
2110	3441
5044	4278
5639	184
3744	31
3810	857
869	1858
5354	4278
1466	557
2315	3435
2243	2050
626	2807
2905	2909
3829	914
2261	2158
39	1624
3756	3780
2248	2253
3755	4078
312	4686
1432	1348
3111	1902
405	4536
2348	2057
1016	1013
1003	5386
2653	4775
566	948
569	514
2874	2890
1429	1509
407	499
794	799
2354	2178
3640	4470
2194	2153
5625	5652
937	835
6077	472
1652	1610
3050	4462
2348	2335
5951	5158
3843	1048
3767	28
3011	3016
6293	1844
1640	3618
900	3799
600	721
4605	4625
300	5309
453	469
76	2836
4781	1275
5510	5514
1448	1424
311	1947
4580	4470
5831	437
1483	245
495	514
3495	1051
1432	5888
5642	2759
2122	2145
3200	6091
936	5151
93	75
1860	3831
2787	3640
4838	4920
1461	449
3362	4470
5397	5391
6369	4530
4012	3992
2173	2304
5006	528
547	466
4880	4903
4215	4207
778	2612
4680	4600
4775	1448
5852	1612
544	514
1434	566
4363	4470
579	524
2329	2034
1010	4594
3822	955
3630	3630
3402	2462
5612	899
941	5606
1657	1652
905	963
1921	620
3520	4015
2877	1049
2175	2258
1418	443
5076	3647
2435	1173
2721	1602
595	1048
2287	3441
2277	2124
5633	4452
4866	4892
634	625
561	4470
3007	4684
1410	5871
4762	1303
3408	562
506	492
913	3657
624	631
753	4470
108	4216
3640	614
1579	1632
1751	918
5642	4470
3085	499
5544	6000
1349	1284
85	69
1488	1348
4827	4926
158	391
3555	3564
2120	2354
2328	2258
4898	4920
93	1770
4130	918
3829	539
3388	3421
2584	1610
1259	1451
4333	2836
2337	779
6360	6365
936	1869
1370	535
4423	918
3487	1885
798	1933
5815	5924
443	1952
6274	51
685	5167
1324	1317
312	3197
798	1928
442	514
3173	1623
2256	2347
5642	5097
2274	3439
5589	954
1323	1276
2781	2796
691	4010
2323	2118
3434	4216
4717	2485
4526	1902
4527	449
533	492
4038	944
2650	1282
2088	3439
2121	2162
3711	3461
2120	2067
1538	1539
2890	878
160	5153
2149	2341
782	620
1273	472
2430	1017
98	103
2022	2030
2989	3369
4898	4880
73	56
2177	3442
5903	4206
2153	2346
875	6370
2028	2069
3007	3013
3833	500
592	3632
4824	4269
5014	5386
703	2836
5517	864
4929	4826
1354	1290
573	587
1434	526
4295	5153
493	590
4819	4853
5393	5396
2122	981
6131	6129
5421	5437
2429	1173
5538	155
4079	2612
2137	2293
1632	4470
5882	4470
6354	1066
5827	5888
1487	1284
1440	5835
2653	4759
937	4941
1369	1342
589	514
1432	418
3011	3017
4917	4829
4624	4278
2267	2056
1003	4470
4526	5924
643	3623
1311	1345
2334	1222
1755	1757
4577	4573
5436	1929
6293	5977
5161	6179
3456	864
4569	4675
5097	4043
3676	3690
2163	2069
1593	816
1318	1491
946	918
2103	3442
2424	2447
3753	3763
807	809
5169	3724
1885	1858
4286	537
728	742
5142	955
3006	3016
3330	55
3743	24
4818	1448
5967	5540
3161	1844
4937	3665
4756	6148
1875	472
700	5167
1345	1392
517	954
807	380
905	868
4083	1949
2053	2258
760	100
5893	1259
4880	4263
2199	3440
6012	5950
2172	2196
4604	4614
5744	5732
3310	3308
2875	2734
885	916
5827	5836
489	535
1530	535
2877	2899
789	1934
2103	2119
4196	4470
760	4278
905	4036
2098	2258
5836	5865
946	1629
2509	504
57	51
852	1048
2023	2163
5826	1383
3918	6095
1733	1282
6271	2956
1868	2643
2798	2781
4939	5166
2194	2198
3708	2489
6185	884
5949	1051
6162	6150
1850	968
2419	2402
3013	2909
3050	3054
6364	657
1368	427
2987	4206
2612	2620
1507	428
2267	2189
936	913
2248	2214
1530	1308
909	1874
6021	6037
1461	443
4609	4278
897	4470
854	4447
3248	1628
4857	4268
2311	2246
590	524
2214	2249
5517	4707
919	996
3502	918
515	3644
73	55
1418	1337
2881	1051
2319	2119
2277	2168
2618	4220
6290	6299
6272	2961
5778	941
4869	4922
1346	1451
2039	2145
5006	2519
590	553
2178	2354
1205	918
2250	2181
4674	1567
5170	5172
2653	1322
728	741
849	4875
3801	3802
2111	2354
87	80
4930	4879
2136	2107
1594	1628
5508	3664
5621	4462
691	5167
536	3098
5950	5153
910	6117
581	1131
1584	902
5508	5166
2441	1156
5515	466
5421	5438
4838	4888
151	389
4526	4328
391	392
6037	3861
615	602
5498	943
3013	4688
543	533
2145	2441
5621	5651
1579	888
449	591
3632	3647
5056	1613
5517	4708
1495	449
5854	5867
445	561
3952	1051
3181	449
2884	1844
4923	4857
1399	1364
4857	4899
4838	4859
1414	250
3306	3308
1740	918
3299	3308
2323	2166
4408	4437
533	1976
2316	2145
5132	895
61	2915
3199	3194
753	3652
4775	1415
5380	3663
53	2621
1252	482
4336	2835
4759	813
543	469
5977	2651
856	599
2190	3446
6369	4536
6080	472
533	473
921	966
2976	861
4235	498
4543	499
2308	2233
1372	1364
1056	1077
3604	3608
1512	535
2030	2258
846	4470
326	1051
5420	5038
2183	406
5735	5723
178	3618
1293	600
1470	1425
864	3793
1014	211
2012	2297
151	147
2874	1420
442	3669
5747	5930
1511	542
3091	5152
89	76
808	800
1205	4864
1248	1384
2420	1173
2444	2402
841	933
4898	4917
2274	4146
3851	4713
2335	2145
592	494
5651	5636
2831	639
68	50
905	1578
901	882
1904	1844
5518	5515
3744	35
5006	918
4755	2470
1236	5977
5514	3657
1506	1362
5296	5285
4904	4826
1722	4470
2349	2258
1921	638
1256	443
2230	3442
2344	2068
2890	2718
4272	4987
2367	2373
1252	1414
2324	2277
2591	2612
1489	1284
3741	3749
1470	1394
989	1595
2445	1173
1463	1345
1370	1337
304	3775
4138	4130
2287	5308
6092	766
3862	3854
2233	2060
1517	539
3743	35
2875	3860
1484	1943
3465	3456
5512	4470
2928	2937
2	2835
3711	3682
5057	5054
3011	3012
2077	2107
3011	6091
73	763
2046	2040
2190	2119
4821	4920
5512	585
2166	2255
1766	1583
2021	2069
5997	6002
5747	2462
2040	2347
5867	588
4930	4859
1234	954
1418	1336
4526	4323
3258	918
1589	1624
5439	1930
811	5414
311	4529
1384	1455
1060	1673
2444	2403
3131	884
518	840
3634	5513
5593	471
976	3618
794	1925
116	111
42	918
503	596
580	492
3862	510
5938	4733
3829	3854
592	510
2238	2011
4344	879
1461	1394
2315	2145
764	2618
4921	4845
2091	2235
1282	1408
683	5913
6102	4206
4434	5103
2890	3841
747	3651
4921	4892
2781	5380
4604	4590
5048	5072
916	5404
1302	1338
73	4216
5943	3669
73	49
555	948
4766	5084
6241	2728
4001	4470
4106	5928
3763	24
5778	4455
1274	1384
2228	2323
3114	3147
1462	500
5076	539
6106	2838
962	2812
937	1003
5788	5819
4071	4064
5158	3996
800	790
3857	3863
1011	4470
6094	4562
5838	5865
2341	2258
2429	2402
798	806
1426	1379
1417	1332
783	44
467	514
1286	1480
2018	2208
2041	2145
2340	2326
2324	2258
4351	888
2938	6108
5524	918
3408	1453
789	802
1302	5891
2049	2246
704	705
800	802
2924	2838
2246	2145
467	456
476	3644
489	550
3271	4993
635	122
875	926
4880	4839
3050	3058
1423	482
840	5153
454	492
2264	2107
6024	1446
805	1925
1395	4286
2027	2108
3006	2905
2064	2133
2142	5459
5969	5955
4115	4106
4766	4470
551	492
849	2464
4219	4219
930	886
454	445
3836	3830
1766	2489
2754	5926
3467	3463
3267	2612
2080	2107
3933	5232
2072	3439
2066	3439
4674	2838
2852	918
2657	4470
6114	6105
5474	5479
984	4216
4856	4892
3342	3308
3863	1384
2351	3440
6010	5955
4916	4856
5108	881
2238	2269
4056	4742
5642	954
5778	4462
5441	5039
386	918
2335	4605
1500	449
5588	3030
1381	1271
526	473
1349	1425
4458	1624
2257	2157
3827	955
2192	2442
1205	822
1412	1384
1588	4737
4554	4741
96	48
589	969
518	589
466	513
643	608
1	4206
547	5366
2653	4761
5508	3641
3833	45
5276	954
592	1847
1745	1756
5593	499
2246	3440
2952	6110
445	492
4907	4882
3147	924
2450	2402
2049	3440
5053	4601
4916	4860
4924	4854
2323	2036
2183	2119
4854	4884
2193	2248
1330	1394
2267	2329
899	854
2913	5346
1232	1224
3258	951
2324	2056
3450	2971
1170	1159
2654	1869
2650	506
544	456
5107	924
2653	1584
4679	4692
4527	1844
3613	1569
3947	3945
4693	51
2602	4146
5389	5385
2103	1222
2086	2236
5823	5815
5161	6180
3134	3114
5509	2519
5636	4470
5341	5332
2077	2134
613	4986
5735	1583
791	802
2648	1442
1418	1271
2090	3442
6271	4610
906	499
3638	548
2084	2119
476	3657
5734	5732
3832	919
933	5607
5984	924
2835	2612
3013	4687
2315	2354
2406	1173
1907	6263
891	3827
478	589
2890	3844
3743	3767
2174	2294
4299	4124
5998	5967
2425	2429
550	492
5518	3663
5447	3467
1373	882
4526	1877
518	961
5513	3663
3767	35
2049	2145
1387	4815
4511	4520
877	942
6024	878
1369	539
792	806
2232	2141
6353	6367
541	5390
57	90
3810	888
2997	5910
4857	4927
533	570
2122	3446
3085	3095
2120	2088
1418	539
1534	4022
2182	2056
4852	4838
2604	4206
3706	888
2178	2136
5893	579
5006	888
5948	924
478	2516
639	3618
5950	3660
5872	5836
772	4982
1251	564
5058	5067
5997	5957
1474	1877
2221	781
1715	2908
4497	4044
3676	3714
3446	4748
5642	890
891	5014
1056	1068
6042	5888
2450	2428
2383	4470
3013	3022
594	5688
5454	4562
5409	5411
6353	6352
6293	448
1714	1714
87	761
1488	509
2899	2725
5739	1726
984	2591
4069	4066
4848	4826
2781	4470
3753	6112
802	1927
2619	4220
5161	5161
6002	2728
3909	4470
2136	2145
2419	2403
872	909
6293	5955
2436	2428
4821	4919
508	524
4619	4625
6327	2485
1906	1875
2355	1222
476	514
6305	1579
445	556
2222	2158
2160	2181
535	549
3830	5052
3826	1565
2406	2418
6327	918
5113	1628
937	844
4934	4922
3701	3457
4921	4827
4126	4127
2509	5374
5172	4058
3453	4470
2183	3439
914	5384
2097	1222
1417	1278
4079	3197
2103	2077
4740	4741
1255	1425
794	802
1710	1714
1492	449
1532	1414
3195	4610
5041	4278
5076	53
1733	683
3699	4668
1403	1278
2798	4470
2011	2223
442	3657
2653	954
4821	4856
709	2470
1362	432
526	5373
481	491
2043	2297
3906	4470
5700	4712
3157	5380
984	4601
643	121
2413	2425
2375	4206
4862	4852
74	76
4924	4922
3195	3196
706	2845
151	5543
4829	4826
1282	1339
4571	4536
1458	1408
1451	1273
3933	4470
160	5525
3019	2921
488	550
6185	4042
2087	3441
1231	2612
802	1928
3134	895
5893	575
643	3866
3608	1628
2146	2227
3767	29
1733	4288
1302	1278
5435	1925
3724	5655
2251	1222
6042	434
2337	3439
1290	1364
1603	1585
2896	3846
6355	6357
4256	4255
782	634
4336	2612
3510	918
778	777
1012	539
168	2909
1341	1410
2595	2592
5078	1136
4898	4829
535	5694
2013	2258
1158	1146
2134	3446
3608	5384
5276	918
5967	5403
6042	472
543	562
2653	1380
1480	227
795	800
1947	1951
3157	3150
979	120
3519	4206
2266	3441
5795	4043
1323	432
905	880
1484	5830
5434	1930
1224	1228
3741	2971
2110	2223
3492	3484
1410	1284
5621	5609
6141	918
4838	4914
1318	482
2101	2180
3839	2912
1277	539
2434	2415
151	5977
4331	4216
41	918
3006	4278
914	448
4729	1847
467	1282
1917	2728
1897	996
1036	886
835	413
2091	2223
6293	5384
2212	2082
711	878
2180	2015
1613	1627
2084	3441
5041	2845
1719	1720
4237	4743
1326	500
5967	448
2234	2164
2907	2909
2311	2145
4686	4981
4511	443
3007	6268
5276	851
1421	1278
5957	5547
453	500
3755	5041
2008	2336
2875	448
2083	2172
2	4600
1470	1278
743	734
1323	424
1844	2659
609	3618
3996	3992
2158	2154
5632	5384
421	418
3829	1569
2281	2214
978	4046
3333	3308
3753	5042
4753	863
823	829
933	5380
1315	1337
2334	2107
1461	550
6278	5930
617	608
1905	2639
1241	3657
2427	2419
5818	882
2225	3585
304	2937
2268	2145
1336	466
4687	4676
3334	3308
1403	535
2642	585
449	556
2449	1173
4254	943
5462	4279
4688	2956
920	4519
5735	5728
1418	1332
5642	5109
5163	5152
3131	1902
6116	5384
4904	4882
2949	2931
484	537
2211	2181
2201	2172
4465	4206
5097	4889
5449	3717
3161	591
5426	1924
4880	4858
3761	3780
1354	1882
3273	120
2456	2452
1423	539
2648	1446
2971	2928
3195	4278
6353	6363
6161	2485
280	4595
1416	1357
6360	6357
453	458
166	174
443	456
3602	187
5056	5054
958	955
597	542
626	3241
3862	3825
797	1933
500	485
2336	2258
928	2758
2070	2258
1333	1379
766	2612
1373	1877
2347	2211
4295	895
4079	172
1013	513
1860	1342
2140	2010
3000	5907
4688	4671
1438	4470
765	760
515	3641
5442	1928
714	717
5479	2770
2658	944
5633	4470
3906	5113
4148	4145
2724	5926
533	514
4125	4470
3792	3795
2449	2433
3013	3014
3855	3942
4868	4920
3318	3308
2183	2107
1037	954
4546	4734
1906	1879
3714	3696
6242	1902
5544	3663
2209	2016
457	492
569	3638
1409	524
2767	2763
6354	1672
1330	449
4753	3030
2183	1222
3446	4750
4838	4917
887	1606
1879	1615
4466	762
5461	535
594	4705
4622	4278
1294	535
2110	3440
1433	4286
2246	2223
311	4278
1440	4797
1323	4470
5827	5858
4274	120
62	4278
1317	1432
2156	2145
6024	3861
567	969
4038	915
2224	2207
2248	2297
1239	5983
1490	535
3741	3776
105	4278
1484	434
6353	649
4828	4880
1250	1394
2432	1173
2072	1222
2586	2470
295	5607
3854	783
4621	4625
800	378
2049	3442
4526	5920
2885	2877
4085	4075
978	122
5828	4470
2419	2443
2302	2297
2348	2337
4254	853
2150	2263
2090	3446
2999	5912
2411	2409
1898	954
518	1971
202	190
93	62
1418	533
6018	5376
5293	4470
546	595
278	280
2653	4776
1330	5390
875	581
5078	918
2417	2431
575	5686
631	613
480	489
2725	2733
2758	5101
2316	2039
4685	5348
4083	4278
1532	1293
1511	1284
5036	1925
2020	1776
2212	2042
162	1037
2334	2316
4879	4844
569	510
2084	2354
4577	4570
4899	4935
5815	1383
543	5390
2812	918
1878	1301
2100	2258
1433	1408
1236	5957
2225	2223
1274	4279
804	809
1252	443
2072	2179
3358	3308
1249	1357
1368	1394
5858	524
397	3648
994	4889
3015	3018
1571	6292
1277	1273
288	5644
2445	2402
1370	533
1440	4769
2112	2145
2974	2924
4759	814
3825	1659
3509	2485
1660	2770
5913	918
1300	1355
543	550
5034	4875
5540	152
3	2
2913	2937
2964	6270
2040	2056
769	3241
5384	5376
1509	542
4849	4922
921	954
1353	1278
1437	469
5612	5607
4902	4860
4697	2838
5151	3999
2315	3440
2875	3842
2096	2233
3854	183
4679	4686
1461	1278
6356	6357
1594	6278
3337	3308
961	525
5486	4288
1939	813
471	492
2474	2467
437	416
4854	4914
3714	891
5924	5918
5447	3465
469	485
451	2848
2271	2219
4919	4859
1898	6033
3161	884
5444	802
1241	5153
2877	838
6080	1303
4893	4835
1620	955
3290	3308
4685	2838
311	72
2251	2223
558	536
2812	2485
108	106
557	485
2090	2107
2610	3007
2109	2154
4675	1947
797	806
5163	1569
1362	1364
4782	4767
5097	2365
5630	4470
2261	2222
5744	5726
6366	1070
937	5151
5977	592
1416	1466
2237	2181
2325	2258
3147	4470
5333	5341
3193	3195
1487	1278
5950	5527
2280	2144
2169	2107
4921	4919
877	861
5421	5423
1860	1847
466	5694
3410	5167
486	5395
5609	5651
2097	2107
5512	5516
4299	4297
2933	2920
5514	5515
625	626
1488	1490
2337	3441
2909	4083
6012	5996
511	721
3013	5658
3331	3308
2898	132
564	509
1594	918
989	918
5296	882
1241	5376
2221	3442
3655	3663
520	948
2798	5358
1929	1932
3857	1357
6024	226
150	5527
1620	882
307	707
2173	2353
2896	2728
4602	4596
2020	3441
3763	3778
405	4216
5639	896
566	536
5430	1929
92	96
53	4535
3753	796
1904	3910
5938	4470
910	4042
5545	162
916	1858
1465	1278
2419	1173
600	718
589	492
1875	3408
3744	3754
414	4564
2267	2258
4415	1575
6182	6192
2192	1167
1971	1980
4928	4920
2607	2605
3933	864
1657	2485
168	2958
4344	955
3756	25
1512	1394
476	3641
1222	1231
1567	1568
2329	2258
1492	539
2408	1156
3181	443
4685	4678
486	450
5827	1259
533	589
4909	4844
965	940
1494	528
2103	2223
3013	3016
4351	4446
6353	1685
572	2514
105	4606
2884	3846
2584	954
2225	2354
2745	2733
4332	4278
1003	857
2311	1222
4215	4215
5101	4470
4693	4981
3490	1049
1003	499
5900	5901
783	632
5478	5479
2746	2728
1600	1592
1003	915
1256	1408
535	5686
4333	2612
1520	1394
2190	2077
4526	4318
2134	3442
1509	533
799	804
1300	4792
1233	955
1255	523
3741	763
949	2758
3581	3578
2602	2612
1173	1154
4826	4826
4569	2836
177	163
2041	107
1294	1332
1331	1394
2353	2214
797	380
3863	3833
1571	4470
4756	3045
5515	954
3395	1312
2110	2091
4295	3657
6293	6299
1906	1850
3286	3308
1401	1282
1472	1317
2156	2311
5827	575
446	469
2077	2145
5633	918
5465	1262
905	923
1399	1484
591	1965
2376	4216
4434	4415
1466	1462
4351	4352
1866	499
2595	2607
4781	1440
5051	763
6274	4023
4693	4294
594	442
2258	2441
1733	3412
4339	4345
547	562
6037	954
804	380
5388	4736
5951	5152
1850	967
4920	4882
3754	24
312	4693
1440	497
5097	4470
2119	2161
1330	1284
297	4470
2650	857
792	380
5943	5384
782	4992
300	5310
1286	533
2186	5507
4857	4265
2852	843
743	731
3045	4742
1353	5898
2584	2585
4570	2607
5514	3664
856	969
1733	533
1700	4470
2235	2313
2650	3402
4615	4604
5514	954
453	450
2449	2431
452	1877
533	721
1472	5830
1865	1870
2655	944
1406	1284
1011	918
531	492
2186	3440
4357	1049
4415	4408
5612	874
1274	1407
513	712
2610	2836
500	539
2266	2354
1372	472
2	4594
4332	2836
5639	5651
5517	4709
5893	5828
2088	3440
166	4539
2351	2223
4128	525
626	5272
3515	4889
1398	1286
166	4536
2783	2799
1472	1484
2077	3442
2282	2068
939	3804
1618	882
151	5376
748	4470
2653	6053
4526	1606
1904	499
613	3617
3254	2470
5507	4206
4866	4914
2658	2651
4511	1902
2588	4206
5084	1338
2371	2373
2274	3441
6180	4562
2312	2089
2088	3269
6305	1244
1346	472
574	596
1589	902
3481	967
1870	4191
1346	1372
3403	3395
5053	4528
6021	918
784	2470
2335	2107
151	160
2296	3442
2517	511
4628	4625
587	3634
2337	2294
3862	3833
4569	2972
4929	4914
849	6361
5852	5888
5514	494
5076	61
2185	3442
3632	5158
454	1973
6024	1877
1757	1740
3845	918
3294	3308
3402	542
2014	2175
1529	1323
5478	2766
340	339
2199	2137
2925	51
2216	3442
4593	4600
2256	2024
5589	918
6263	2726
458	562
3741	4700
3495	878
2040	2258
2097	2145
795	806
4682	2838
3515	2819
2058	2258
1576	3430
5705	4509
2602	332
3491	5938
963	918
2653	851
2316	2107
445	591
5078	5394
2103	2107
4576	4206
1416	422
5928	5932
4543	843
3353	3308
1530	421
2925	2622
1302	1394
4236	3634
2952	6105
3131	539
1077	4992
4464	3596
5957	2728
3748	3764
2230	2354
1386	1440
2875	1844
2088	3442
5588	955
3698	1603
1330	566
544	556
3440	3436
3808	1186
4615	4278
100	62
5946	5548
2066	3441
2273	2262
4332	6271
5949	878
4527	3388
2432	2402
3717	918
2355	2119
307	5043
2091	3439
5842	5879
2103	981
5532	5986
5478	1844
2408	1155
6015	1569
609	4983
5093	5105
1267	882
6142	6126
3453	2971
5723	5733
994	884
1249	1448
418	436
2935	51
5446	3717
1276	986
5516	5516
961	5155
875	920
5670	140
2975	5658
587	1048
6024	3843
852	5833
4038	869
3319	3308
1632	4734
2334	2119
1359	1882
846	851
1315	1492
5782	918
844	1144
2286	2287
1494	1278
1724	1720
1470	535
4698	72
3520	4536
2884	2728
2206	2258
780	4536
3019	72
4578	2612
3344	3308
443	473
2653	1636
5795	5384
4856	4827
1330	443
1875	2645
5739	5719
3835	1048
2653	4760
5498	918
3678	4667
434	419
2798	5644
3696	3457
6206	918
760	76
5826	5920
5639	4470
475	1606
4598	4278
2914	2952
4077	2838
4058	4740
1014	485
5872	1259
6242	1862
5838	5898
1928	1932
4546	4470
1292	242
2287	2319
1060	1068
1875	5453
2110	2119
4819	4842
5633	527
1317	535
1941	1938
3330	4619
802	378
53	4532
2721	2749
1399	5871
5308	4206
928	4470
2433	1173
120	120
4402	4403
849	2461
2425	2431
3305	3308
2094	2013
3020	3022
2176	2068
590	535
5943	5152
1331	1284
1742	3030
1839	1900
517	492
2219	2258
2406	2431
4529	4534
1459	1339
165	168
478	2514
581	487
3006	2907
6115	6105
2967	3016
744	729
2090	1222
2141	2258
5547	752
5953	4741
1417	1357
5633	487
643	4702
3013	6091
3327	3308
1376	1408
5436	1930
1532	1337
3173	3110
5544	3669
3793	3802
5474	842
4685	1567
6015	4470
543	5395
3369	3995
3760	3780
905	4741
4083	4084
63	92
168	166
533	456
6353	648
6369	3198
6158	2489
803	806
3326	3308
466	549
1400	1282
3330	172
4589	4278
1492	550
1866	2659
2967	2963
3862	1564
2276	2324
2602	331
2171	2340
2653	1440
48	54
2048	2202
453	446
4942	4956
703	175
2999	5909
859	525
2093	3442
543	535
1418	1414
5421	1934
562	498
4869	4888
5376	3669
1423	443
2297	2210
2159	2258
1466	535
1406	489
1280	1324
5461	524
1279	211
2424	2431
2116	2102
2016	2258
793	807
5920	5917
3832	1847
3490	954
2998	2999
1315	443
4533	4540
1904	1866
5818	5816
2348	2145
422	5871
3280	3308
5058	5055
6263	1628
4898	4854
1509	1262
4676	4294
5478	5393
795	380
5922	5925
1294	533
3615	1603
4300	879
4286	466
637	3866
3947	3968
613	3618
2287	2311
5921	4470
6024	2895
1056	1056
3608	895
1395	500
73	48
100	59
4852	4862
4511	1844
6077	1303
6274	2974
106	4602
3706	3680
1252	1337
2053	2233
4434	951
2436	2431
1285	1332
782	4986
2055	2258
4511	3388
452	542
493	520
2320	2119
2446	2403
2601	4206
6305	5153
3134	5100
4075	4079
582	2456
5416	5419
550	714
2319	2987
916	930
2165	2044
4705	4707
653	654
611	644
3292	3308
5068	1394
1639	122
639	4995
3352	3308
2266	2107
5642	5359
1386	1394
966	587
2311	3440
5518	471
2087	3439
2595	5338
447	5153
1440	440
4853	4914
2796	2794
1060	1056
142	4278
1511	1407
1879	1872
5068	1623
4848	4260
5034	884
493	2514
417	1392
2271	2305
5311	2591
4856	4914
5332	5325
1733	535
1430	1425
2431	2402
5653	4470
2042	2258
1372	420
541	469
581	4470
493	2513
1413	216
3173	539
2047	2347
1587	1594
4247	5385
905	900
106	105
3520	2835
2001	955
6103	4220
852	506
1712	1715
4683	6091
2505	602
3630	3664
5153	5405
2411	2404
557	535
2179	2159
923	5097
753	4743
57	94
4921	4839
1262	1461
961	510
4921	4848
1399	5886
5847	5889
3194	4278
3743	739
6082	5087
2877	2898
3613	4470
4869	4829
2911	2911
4954	4951
4922	4920
556	4470
6007	5152
647	3619
3818	5380
1285	1394
2286	2186
2113	2258
2957	2966
3829	5151
2640	2651
417	1457
5795	4470
2266	1222
20	635
5414	807
5977	1844
2421	2431
5731	2470
453	5395
6369	4278
1461	1337
537	5686
2235	2355
5312	5307
3841	4713
1252	1480
2134	2320
3918	186
1944	815
647	4982
1890	2639
311	1946
518	542
2269	2250
2932	2966
4935	4886
2321	2107
5547	3647
3753	789
2090	981
585	2463
2045	2107
476	5166
3565	838
2072	2169
1228	2622
307	2844
1376	1387
771	773
4691	4692
5076	5055
2607	2836
658	663
1628	4470
1236	5975
3586	3587
2174	3441
5312	2591
4434	5098
1722	1730
1370	1733
2235	1222
541	462
5174	535
1492	443
1490	417
1256	550
2167	2258
5791	5795
2875	3849
1390	1455
5400	884
1692	1133
1305	5888
5338	3009
1285	542
1236	5388
957	916
2230	2145
793	802
5747	1729
1956	4470
5435	802
2256	2258
4827	4894
5312	2621
4138	4740
533	719
3181	3157
2319	2111
1331	1357
2447	1173
2653	1441
937	4490
2287	2107
432	419
2045	3439
57	2959
1286	1337
3690	4667
1324	5858
523	485
4295	963
1478	539
2122	2156
791	1930
5479	542
2011	2107
2174	2354
6153	6162
4914	4266
2268	2027
416	4797
2788	5404
2015	2233
5871	5865
508	583
1499	1286
1248	1278
3325	3308
4492	4470
5713	5714
1606	1627
1330	1407
4627	4278
1259	440
550	479
6353	1689
2025	2145
2156	2119
567	1048
836	918
4856	4845
1913	2659
5346	1951
2339	2244
1225	1222
2338	2257
1720	1737
3701	4667
494	596
285	5645
5048	5054
55	1771
5852	5827
5079	542
4594	6090
2297	2193
4765	5087
587	1569
3862	3412
1417	1407
643	4046
53	4534
2199	2119
105	4616
1013	3085
2049	2223
1399	1425
3193	4614
2020	2223
5639	1692
2924	2908
2345	2162
2316	2223
4852	4914
2120	279
3862	1562
4063	4064
916	5384
984	3202
2317	1168
1872	471
517	589
5739	1725
2334	3442
916	1844
3714	875
4545	5384
1492	533
2311	3441
2091	2130
3857	443
780	2954
2451	2415
2657	3810
3015	3023
4696	4697
5872	462
5424	1930
3302	3308
2018	658
2367	3448
4590	3200
4679	2838
53	4600
4905	4888
4960	4942
4475	4478
416	537
868	5397
6293	6003
1505	1278
2471	918
2088	2145
2875	5918
4573	4575
797	382
1921	4404
3110	1877
5329	86
2436	2402
2015	2347
5633	542
5521	878
1228	1229
2875	3837
1509	482
886	5153
3303	3308
1933	1932
5517	2780
772	4994
1766	812
2087	1222
2039	1222
6024	3412
531	5158
4583	1612
1880	943
875	4256
5915	1133
2426	2431
1426	1462
5478	558
166	164
128	136
5642	896
103	93
5132	5384
2964	4696
5967	2738
4342	4348
5335	4619
701	5900
478	2519
683	5908
94	4585
2088	2111
57	101
3408	1457
1345	5888
2091	2145
3857	3826
4578	4574
3351	3308
1866	1866
2612	4531
3753	3743
1008	101
2968	2954
1324	5886
3258	2489
945	876
518	569
561	491
2174	3440
1003	943
843	938
5852	3412
3	723
5708	5714
5884	5888
3829	1446
3615	1051
5977	5538
2012	2308
3248	3262
1921	4994
4893	4845
3836	482
2650	1869
4079	4082
166	2974
2207	2145
5073	290
4828	4926
5951	3663
3408	1284
5885	5884
1423	449
1872	459
134	5664
2077	2119
795	809
1637	4734
592	539
1467	1488
2741	2724
1010	2838
4703	3618
5044	5902
2028	2258
3754	35
1480	1278
3362	4008
4879	4835
6247	5383
5644	4470
2761	5104
647	3618
4862	4859
5132	918
3160	3133
4574	4535
1383	482
4332	4216
6116	2460
2156	3446
5172	902
5518	3649
3699	3463
5943	3647
2642	1506
5053	5051
5312	2986
3011	331
1921	4982
642	615
1205	4875
3758	794
3268	2612
2760	5099
5508	882
3863	216
2489	2496
5372	4743
5815	1420
4698	4693
819	825
56	2268
1860	6031
2001	1995
4279	4287
5514	3644
5633	1049
2351	2145
2320	2375
1917	1870
938	918
2917	4690
5460	2612
5442	1930
5317	5347
592	1569
841	5384
2412	2417
4526	3388
1606	882
1697	4470
2335	3441
3134	1048
2087	2223
419	5885
1395	1394
533	6336
53	1228
5889	524
5885	5690
1476	575
161	5547
1315	1293
2033	2258
3578	918
4515	3388
1432	5871
1878	2639
296	5644
720	716
1416	1278
2845	5185
874	932
160	5152
3773	4278
1852	3402
913	448
2204	2338
2425	2402
5514	3628
2412	2431
3744	24
2912	2950
4234	4736
2224	2143
486	550
807	802
5321	5349
3857	3830
5639	1048
3267	4689
2191	2119
1509	4280
2294	3442
654	1682
886	3657
535	485
179	178
2335	2080
1466	547
2947	5340
5826	1342
5431	1925
4038	994
1332	523
2419	2431
1324	5872
4602	4628
3845	1048
6305	918
1300	417
2927	5350
905	862
1511	533
2072	3440
7	5179
2420	2431
5965	4470
5478	1262
4675	3197
984	4594
2653	6040
4038	1858
6044	6052
2268	2107
2605	2936
1487	1332
2650	471
1450	1345
1294	5830
466	485
616	120
464	5179
1434	1282
1286	539
1456	482
2183	3440
2925	53
4526	443
5517	494
451	4470
3450	5053
3006	2940
1530	1489
105	4609
6120	4470
1349	1336
453	4286
5636	939
6369	1709
4128	882
2355	2246
2964	6269
2656	2648
6247	2728
6162	6147
4331	2835
1845	2656
2642	1282
4331	4022
6015	614
1897	1900
3106	5918
4085	55
4578	4536
2174	3442
3288	3308
4674	1947
2405	2431
2651	1386
4936	4259
5014	884
2011	2119
3020	3009
3248	5930
5527	153
1236	147
4697	1947
3632	5166
2287	3442
5723	5728
454	721
487	1137
2202	2181
2958	2838
2237	2258
1180	5819
292	4470
41	5394
103	1767
1386	5847
2422	1173
5632	287
287	290
1624	4058
543	450
2191	2107
575	5699
3450	5052
2122	2223
4929	4844
3007	3016
4124	816
464	500
3388	918
2282	2258
976	4987
3395	1297
1720	4470
4759	817
1886	1428
4351	4464
3798	3795
2206	2214
2084	3439
2610	4536
1711	1714
1290	1284
1173	1153
3270	2612
3948	1049
6353	6357
1256	566
4287	4289
281	4206
5984	1916
2733	2734
2780	2778
2316	3442
5609	294
5633	1131
4686	3197
1345	472
1165	1171
2230	3807
2875	4225
2122	2107
3440	3447
2298	2031
1530	579
4243	5161
5057	4470
4677	4294
454	4711
2921	2917
2144	2263
585	918
3446	4746
1582	1594
2611	4536
4868	4924
2336	2117
4911	4914
5951	5153
4536	4538
844	1048
2956	2900
2133	2303
3706	1579
1432	1344
4334	2836
6292	5384
6162	918
4602	4614
5415	1929
154	5388
1942	812
4702	122
5612	294
1302	1364
1236	5376
564	575
2072	3442
1416	1308
3076	3053
1494	1425
936	542
3853	1048
5508	4470
5312	2952
1577	902
5612	5651
2262	2258
4574	2910
5921	5384
2653	4801
587	1606
5949	954
5337	5347
1917	1847
4769	4797
6037	3837
6042	1303
3264	4316
5084	434
5522	2470
1349	1271
2319	2107
2875	4228
458	466
773	772
5460	2945
1236	448
5348	51
792	807
1714	2940
6242	949
5341	5331
5547	6003
2059	2258
2335	2223
589	1048
107	4206
1331	1426
1236	5534
454	456
2012	2233
1437	1383
2266	2223
1890	1322
2651	1872
4820	4859
789	1925
856	1048
807	806
4296	6179
1722	850
5967	5920
4869	4822
3857	3825
1386	1405
4678	4690
2653	4794
4571	2612
3608	1597
5014	850
3340	3308
1423	550
643	1639
5847	1405
5927	5926
4458	918
4571	2972
1471	1323
270	1051
3324	3308
1860	3828
2321	2145
2186	2107
5414	5432
2351	3442
4585	4625
2656	5454
1968	1965
1504	1446
3807	4206
4831	4859
3656	5364
3258	5103
2224	2252
5642	5092
3515	4864
3011	4698
3173	5358
2145	2099
849	4864
145	4618
1386	5841
5905	122
850	5409
1406	466
2509	1844
4223	5397
457	591
1412	1332
1138	4470
5702	1877
4788	1451
875	1048
432	1457
3587	1624
444	918
3775	4688
856	5833
3520	2612
3632	3657
5173	523
2651	5454
2334	2223
2110	2099
3753	6104
2221	3441
1569	882
2252	2145
778	2836
622	3619
3756	35
789	5431
311	2972
2658	560
2054	2220
2112	3440
846	843
2348	2203
5997	5376
3857	245
2947	2936
2097	981
818	829
2335	3442
5636	285
1476	421
5900	2595
64	72
6286	5380
2927	2941
2925	2618
849	4470
2880	1603
1860	6021
1913	1852
3267	4614
632	608
5609	876
2244	1145
1430	2514
959	5498
3131	1569
2049	1222
84	4591
53	51
5967	2726
3309	3308
5680	4206
5621	954
2235	2224
2274	2354
859	916
2976	5646
1487	539
1381	1459
2341	2162
1850	2659
643	606
6158	918
1885	1457
1880	930
4848	4920
2898	2725
4756	851
5660	4206
683	1595
5153	5404
6024	954
905	860
844	920
2191	3442
3450	1612
5882	5842
1418	482
772	3243
4602	4616
3268	4216
413	4562
622	639
2293	2258
3743	32
2875	5926
533	481
1730	1738
5508	5516
3862	1569
917	3798
1370	1332
5514	528
2169	3440
3850	1048
4615	4619
5536	150
2651	5152
151	6003
2437	2428
1880	1878
4821	4888
73	768
1354	1250
6206	3209
575	5687
2186	3442
1417	1284
4590	4278
467	473
3356	3308
6360	3431
643	4273
