2805	2791
2592	2598
1466	2295
431	432
2783	2787
2603	2598
2092	2099
2994	2996
2604	2102
516	545
1706	2907
1845	2705
435	433
1845	1452
2701	2705
3030	2905
3619	954
2790	2791
2787	2788
517	551
2604	2093
1384	306
1656	2117
1446	943
2338	2327
429	432
962	212
3352	3358
2773	2782
436	424
2274	2275
1722	2588
2328	2636
348	364
1451	2299
2114	2112
1133	509
3382	3379
716	1631
2593	1211
301	2589
2330	3064
960	228
942	212
1542	949
18	32
718	1218
509	503
297	1199
1378	2098
2634	1485
1384	89
8	1
2596	945
2116	2108
2285	949
430	432
525	520
3338	3335
3356	941
930	935
2603	2592
951	949
1626	1628
1058	2977
2283	296
1707	1640
608	603
1722	2070
2984	2992
393	394
3057	3054
3458	1640
2636	2628
3394	3533
2780	2289
3024	1041
2987	3342
1841	2077
591	592
806	806
1747	1640
2588	2098
96	96
1085	1089
438	432
2357	2350
2298	3064
1139	501
1627	1629
1586	1584
2340	2630
2332	945
2603	2591
2317	473
3340	3342
3156	390
2777	2775
1671	2157
2299	832
954	943
2335	2352
2861	2862
222	227
2163	2155
1710	301
1312	2907
503	507
2278	1640
1746	1739
901	8
306	303
305	296
305	1211
2271	2273
1672	2160
2768	2908
1845	1463
2703	2705
3356	227
2130	1090
934	504
1744	1746
2774	2776
2343	945
3378	3382
513	534
1473	1470
1156	1149
2300	2295
2130	1091
3033	3073
526	530
2712	2602
2636	2772
2159	2155
2790	2157
305	304
554	544
2634	1218
222	212
1141	941
2631	2784
1638	1636
3352	2298
1740	1639
2603	2098
3341	3345
964	957
3379	1211
2767	2589
2131	2132
2604	300
1631	1626
1485	3064
1084	1093
438	427
2773	2778
95	832
2603	306
3052	1147
960	960
3366	551
364	351
1155	945
2773	2589
3005	3268
2861	306
2315	472
2782	2589
345	356
2340	2325
3150	392
901	3064
900	899
41	66
1137	504
2787	3064
2359	2165
559	511
436	433
1703	301
8	5
2697	3064
1134	1143
894	3460
3291	2170
3056	2298
2702	2705
1206	1200
1457	1459
942	228
1746	2636
303	1210
3057	3052
3033	2374
1241	1229
2712	2600
1722	715
4	551
2703	2353
3358	3371
3388	3532
1999	2998
2335	2705
2165	2155
1747	945
469	466
3527	3267
1706	1705
10	3
930	234
2697	2695
1441	1456
2990	2999
3379	3375
430	433
2765	2907
2097	1205
557	536
3057	3059
2596	1840
1461	1459
3154	394
2343	2341
608	604
2623	2163
609	604
927	928
3007	3262
2781	2779
1060	2117
1156	945
3262	3393
2596	1838
2775	2786
1458	1457
2169	2155
14	18
3352	3356
2350	3345
3533	3527
3160	3063
428	432
3157	3064
894	139
1415	1418
2328	2325
1141	1133
2335	1639
3532	3529
2861	1824
527	535
1313	2862
1393	1391
66	34
2118	2109
1473	1455
1675	2159
371	355
951	227
2318	1514
1142	1143
3032	3074
1629	1630
3156	3150
1452	2295
2298	2299
3260	3266
509	2169
2763	2764
2769	2775
2099	1840
2285	303
1092	1085
2341	1824
2901	2898
2597	2714
607	608
717	716
1203	1219
2285	2283
2991	2996
2783	2763
426	424
2107	2108
960	943
3056	3057
2781	2770
3388	3526
2599	296
2778	2778
1471	1447
2360	2160
2338	1450
3056	1139
556	515
1746	1308
2630	2636
2358	2166
894	894
438	433
1707	296
2596	2082
511	557
2634	2298
2774	2895
2774	2773
2333	2322
2704	2705
359	355
2342	1149
2285	1211
1845	1060
2328	2772
2594	2595
2774	2910
1480	1473
296	1214
2774	2782
3352	551
1842	2084
928	2896
231	212
3338	3339
2164	2166
1512	472
1310	1308
394	3520
1703	2907
2776	2597
1418	1060
3001	3342
1132	1138
2276	2274
1141	1136
1722	2595
2453	2455
426	432
3458	3457
1658	1662
1663	2110
520	536
3292	2169
2106	2109
3330	3332
955	941
1477	2166
2788	1309
960	212
1148	2631
1156	2631
950	223
3386	3385
3346	3345
2773	3063
1516	474
1150	1148
1845	2299
2323	1457
2630	2784
2157	2155
2000	2989
3057	3046
1450	1445
1141	951
3356	947
1703	1705
1444	2455
1466	551
296	1213
2332	1457
2600	2093
1722	2599
2291	1447
1727	2087
962	940
430	427
3530	3528
930	951
2447	3456
2354	2350
2588	299
3290	2166
1378	89
3669	1059
1492	2165
1845	949
2162	2155
1513	1514
356	369
1845	1447
2326	1450
960	214
3352	3374
1705	1708
552	540
717	1633
1231	1229
1747	1824
2555	804
2990	2992
2350	2358
930	933
2636	2771
2596	2101
1635	1627
1143	1141
3153	3150
956	212
3378	89
2991	2999
2910	2898
1846	2347
2687	1211
2090	1218
714	716
2323	945
3377	3378
3382	3375
1135	1140
1310	2597
908	1
1141	509
423	432
3456	3457
1445	943
1464	1466
3033	954
904	3620
38	15
1307	1312
1660	2107
2629	2634
930	227
3033	2702
2345	945
303	1223
3057	1466
516	547
2837	1137
3162	2166
2774	3064
504	2163
2768	2781
1212	1208
962	960
3350	3355
1845	1639
904	3064
2837	1145
1454	1460
1146	500
2634	1447
909	1
894	2316
2769	2770
2774	2763
956	228
946	223
466	468
2331	2332
929	945
2455	2117
1446	1445
3332	194
3339	3330
2910	2908
1709	1705
1462	2455
2329	2342
2101	1218
2782	1705
2984	3001
904	901
1709	2910
1492	1480
2785	2777
2456	96
1207	1211
2784	2774
1236	1230
3381	3064
1513	475
2774	2770
3052	1145
1309	1306
1378	306
2554	2166
2602	2095
2907	2901
2593	296
3294	2160
940	940
2001	2991
592	3162
2705	2166
423	433
98	466
1740	945
3672	3670
894	2103
1155	943
3156	395
930	937
3263	3264
2107	2112
2330	2705
2447	3160
2353	2357
931	930
1631	1630
932	501
1380	89
2346	2784
3381	3377
2291	3064
2763	2716
1451	2295
1671	472
1673	473
2763	2776
2687	949
2454	94
2327	945
2322	945
134	2327
1722	2601
1147	1143
1379	1384
1141	495
940	214
431	433
2335	3064
3674	3670
961	948
1457	943
2335	2354
2786	2910
3005	3004
1673	2169
222	216
3073	1639
2786	2783
1086	1085
2322	2342
946	228
544	520
1483	2157
2330	2354
2599	1211
471	2909
2323	2341
1837	2097
950	960
1589	1586
946	951
545	547
555	533
964	227
1148	1155
3022	1040
1722	1211
2345	2335
3033	943
3028	2916
67	3063
2457	95
2604	2094
1844	1040
1472	945
2702	2351
500	2157
207	207
1137	1141
1727	2075
2599	2604
2035	3063
2704	2354
2553	805
2992	2999
1473	1464
2456	94
900	2631
541	536
1722	2098
1237	1241
2630	2628
2595	1379
942	951
1677	2166
296	1223
2590	2340
1234	1229
1466	2300
1457	1444
1215	1211
2285	296
960	227
1840	1041
955	957
2277	2283
1211	1219
3293	2157
352	361
3356	953
953	957
2604	2098
1307	2597
3352	1471
2283	1640
2329	945
942	952
1456	1457
2346	2328
2593	89
2599	89
2291	2554
1211	1203
3356	949
1309	2589
1383	1379
3352	3366
1446	1444
940	212
90	3064
938	958
942	223
2989	3347
2591	1377
2601	298
2634	2291
950	212
1721	90
512	553
2599	2095
1146	1136
602	608
962	965
2837	1139
3393	3530
1427	1426
2634	943
3380	3375
1090	1093
1308	1309
1443	1466
3382	3380
2084	1199
549	536
2602	1386
3347	3345
609	608
2596	2599
3376	3375
1746	2766
1673	475
3352	514
1478	1480
3352	1461
1140	1146
2319	474
1846	949
1469	1442
956	223
1744	2784
536	532
938	960
1588	1585
3374	3371
938	212
2985	3346
714	1634
2715	2602
3388	3395
1674	2165
3356	3360
1088	1085
1143	509
2590	2599
194	197
306	304
347	343
2765	2782
3052	1138
1441	945
1740	3064
2624	2166
3159	3064
97	98
1391	1390
1673	472
1474	2169
2322	1457
954	965
1135	1147
1459	943
961	957
3158	3063
2116	2109
1707	2283
1673	1514
1456	1459
139	2103
428	433
528	544
2990	3001
436	432
2987	2999
468	471
1391	1392
2603	2599
354	359
3672	1059
1447	1444
2940	1041
938	223
2339	2323
2170	2155
2111	2109
353	343
940	227
304	1199
929	927
2596	2130
2712	1731
2634	1477
961	941
138	137
2278	296
1141	953
2158	2155
2774	2788
41	3063
1675	474
2596	2598
511	536
3057	2300
1092	1093
3330	3063
1458	945
2291	2279
2999	3342
1308	2910
1837	1844
1461	945
1450	945
422	432
3003	3267
2765	2776
3056	1447
962	227
2330	2352
3394	3393
3266	3525
1148	1149
49	34
2330	1639
2332	2335
2773	3064
2116	2112
2774	2787
940	228
2114	2108
950	228
542	557
2447	3064
2289	2283
2987	2996
370	353
1587	1589
2556	804
2787	2589
3151	3152
2327	2341
2705	1677
1727	1839
717	945
3330	3333
1149	1151
303	1199
1710	1709
2107	2109
422	433
2279	2285
1379	1378
3352	3063
303	1201
2590	2339
1241	1232
2596	591
429	424
2990	2996
2556	806
2770	3064
1135	1132
5	3
2326	2343
2634	1824
2636	2767
2996	3342
2318	475
2596	1218
3268	3267
3669	3670
8	6
3527	3529
435	432
3352	1466
2701	2357
3052	1137
1133	1136
2779	2907
3332	1266
429	433
365	351
3156	389
892	891
1137	500
422	424
1234	1235
2291	2556
2110	2109
1379	1380
906	1640
1823	1821
501	2166
1141	500
366	357
2716	2717
3264	3266
962	207
41	53
303	1213
3339	3332
544	536
3527	3260
2327	943
901	1
2276	2273
1443	2295
1379	2080
1730	90
3382	3376
2130	1086
1213	1211
1472	1446
2160	2155
2077	1221
3003	3004
1202	1211
1478	2160
138	2104
89	3063
2774	3063
1515	473
423	424
3525	3526
1216	1211
466	2910
2351	2354
2602	2604
551	558
3072	1640
2779	2783
426	433
3006	3265
1657	1654
3330	196
2631	2636
301	2597
6	4
1380	2098
304	306
2601	2098
431	424
1138	495
2600	2094
3456	1639
2341	1218
1445	1444
2352	2352
1211	1206
1138	1141
1384	2098
2783	2773
3386	3388
1312	1309
3060	3050
1224	1211
3156	391
894	1514
904	909
2114	2109
1469	1468
2291	1639
2168	2155
1845	1804
1674	474
2603	2596
2603	949
3001	2987
901	10
1655	2114
2938	1040
523	520
2998	3346
1415	2298
1804	2166
3004	2357
2805	2169
1090	1085
1088	1093
1379	1381
3268	3532
3352	2300
902	900
560	534
1143	1133
1459	1462
3052	1140
2773	1211
2596	2132
2291	2298
1672	474
956	960
1659	2116
539	513
346	369
3461	3462
1415	1447
67	15
938	228
3260	3264
222	198
1086	1093
592	1060
2765	2788
963	227
946	212
3289	2164
1380	306
2712	1721
2777	2770
3522	3513
