473	4062
1979	3406
2630	174
2886	476
3639	2519
2934	2945
1696	625
4165	4334
749	4377
3082	3699
2664	3023
2541	3689
3033	4457
2331	1193
4392	969
3345	1691
3495	4135
341	2812
609	4420
924	1297
2412	1806
4529	1811
474	3162
1555	2753
444	786
2988	1228
3841	1450
2659	1674
2772	1006
1937	4048
4477	2619
4365	2745
2220	1314
1750	212
2959	909
2896	2156
445	339
2155	4320
3574	348
3872	2533
160	2479
3814	3973
2512	424
2291	1346
2081	2672
4328	216
1791	2175
1055	3726
1970	2374
1134	3090
3067	3017
920	485
4393	1769
2508	212
1015	212
170	207
4542	207
869	620
4603	4035
4583	4586
948	2134
2986	4062
3897	2976
653	4305
1847	3897
1222	3836
2538	3953
4303	3639
2511	476
2785	2613
975	4334
1285	2154
2721	724
3108	3242
4005	1292
2737	1243
3255	943
1772	3005
4450	3196
3794	2584
2272	1721
4051	3797
3133	2175
3960	3973
3750	946
2323	4334
1607	174
595	4033
3996	1848
4303	191
1513	3776
4459	4051
1325	124
2450	1862
272	3406
2858	4288
1750	476
3701	969
1417	3503
3064	3341
1044	4441
3232	2011
864	1528
4411	2619
2178	2382
3684	2200
1971	81
3500	873
1017	2447
794	3670
2725	4033
1888	4288
2828	4340
4515	2398
3771	2519
903	873
957	906
1746	385
1015	1551
1429	1413
2536	3973
145	1610
1970	184
138	2634
1372	81
2511	2812
2347	4132
2519	1735
2405	3819
138	107
616	1806
3857	334
695	1682
4067	2286
4364	1811
2841	128
4510	1691
1345	476
4594	1423
1002	1346
3663	4320
590	1610
1267	2374
1513	2914
3152	943
2225	4035
2839	4229
761	35
3136	1786
1517	1691
1049	1502
2339	2372
2693	1411
1748	4334
4254	1549
3794	4281
2863	3090
3869	4579
2220	792
2584	680
4383	3118
1795	402
4024	1988
2716	483
2745	1691
2896	4149
4273	3866
4310	1691
4234	2173
901	1034
843	3017
2350	599
3213	2046
1386	3594
2556	210
4036	3659
457	1284
1831	1721
2439	2499
749	2159
3683	2091
2446	2588
1727	3041
2424	3159
64	143
3215	2977
2037	1700
4453	3648
712	625
2450	4149
1563	323
2095	2107
138	3017
1800	4036
948	2382
2648	2069
1919	1610
2225	2541
3535	3404
2065	81
1558	3154
4577	2672
94	1811
2202	3838
180	2758
3900	652
3133	4468
4394	485
3062	4377
1238	402
2284	4467
2675	3159
4206	1674
3491	2091
934	212
2775	4033
2903	886
2450	738
3559	280
4130	184
3513	1297
916	3059
146	2613
916	2918
2702	1348
3731	3899
4131	909
717	4334
2679	943
4090	2996
287	2564
33	1085
4280	4149
922	1012
2211	2758
381	420
1896	2976
4556	4315
367	2096
2296	280
11	1278
1683	207
2261	1818
3872	3993
4162	777
3523	384
263	3788
2734	3788
3330	3751
2883	2278
3221	3325
4511	901
4595	2519
1035	4563
4423	1090
1903	1721
1253	2812
4164	1927
736	4388
38	1432
1905	3639
2785	2749
3513	909
377	4577
3666	320
1359	2686
4555	1267
2463	3089
4420	485
2441	3091
4611	1118
1274	4467
1649	476
2911	4497
707	2321
4482	1003
1222	2251
1955	1243
3177	128
4030	2969
113	2382
3919	4132
3259	2175
2485	1723
2902	2549
1409	1794
1883	1818
3979	3269
771	3048
138	1499
4541	1910
2445	1297
3171	297
2396	1502
3256	2764
1262	583
2027	2466
712	207
1017	662
4472	1610
1727	1700
3346	351
2758	969
2143	1046
4269	4294
1413	4106
145	1431
1971	1432
4527	2317
4494	2374
3913	4383
448	2849
678	601
736	324
1512	4387
3610	466
2080	210
730	2918
254	1818
631	4082
3631	3982
4366	969
2049	1811
3290	2538
3049	128
4138	3993
3273	3699
3124	3953
1318	1431
1587	134
701	2564
631	2533
3783	1616
3804	943
3638	2450
1698	2708
651	2466
952	259
2981	3993
1807	1691
188	1818
456	4383
2779	3842
1607	943
456	2109
3196	3569
3054	3159
546	970
1535	476
1510	1818
4359	3159
1263	3721
784	1610
316	2866
482	3017
869	2087
2051	2812
4518	334
3647	946
1408	1610
3343	402
3049	909
358	3472
662	1721
3998	476
263	2686
2562	3472
1279	3366
3466	3730
170	4468
1183	3388
4583	233
1464	2828
134	174
203	348
733	1172
696	3101
1264	2046
2868	184
1791	2332
4529	210
1174	3061
285	4334
1378	2979
266	4334
4206	4468
2992	1085
1220	3555
1641	146
2242	1818
2716	2803
1420	2235
3040	2134
2980	3486
865	3492
3747	2613
1650	4647
2746	124
4492	3101
3414	1319
2408	599
1791	2557
2888	4315
1356	3821
1093	2903
1564	1828
4281	3483
33	4334
50	4647
4394	500
2838	1811
4353	1721
3740	3982
4496	943
658	906
4575	3212
3318	1025
4422	1818
1871	2101
2314	1499
1697	3061
2541	2787
1859	3993
856	212
428	1624
815	943
4233	253
3963	702
1096	4457
37	1003
817	4309
2869	4389
2188	3993
3375	3639
3645	2060
517	3498
361	3017
3283	629
4332	98
1291	354
3013	2091
387	1691
3979	1497
1319	4106
3457	2290
4453	289
223	373
664	2812
1564	4258
3120	4339
2541	1811
4640	1945
2825	1818
3707	3388
2603	3681
1102	354
2895	4326
595	4497
2002	2071
2779	3366
647	3958
1428	4642
2500	1811
3502	184
3311	2846
1154	1432
2160	431
3317	494
1305	3689
3401	2340
532	3555
3013	3483
3331	1991
2192	4320
3649	3649
1515	3028
3772	4228
2645	3855
4324	207
4070	2721
361	3061
3165	1385
2785	2493
45	1957
1892	3713
4177	4603
1947	4571
947	2159
4496	184
94	210
3495	4149
1125	476
3299	191
4030	282
2084	1806
1729	3993
450	1090
2949	476
4424	4052
4467	238
2249	210
2192	191
3847	1315
1746	476
102	943
780	2159
4539	1090
384	412
3740	943
4277	1691
2954	382
920	2076
4245	2812
2079	851
1639	4143
926	4062
2451	474
3156	665
1797	3248
3820	4522
4282	1270
3516	3993
3739	3388
2412	2866
1740	2533
339	4334
1599	3341
4545	3191
2211	3061
2675	3366
1316	2593
1661	4334
844	1818
2992	946
1214	1432
424	2096
3427	4439
611	4309
4587	2147
840	943
688	1431
2710	625
4248	3982
2310	4035
1805	4580
3913	2619
24	3202
4533	4143
1272	2749
3591	2306
4485	3110
1927	3606
3913	2554
1587	3059
3107	1432
4364	4334
9	184
465	1228
1548	4132
4311	3090
3626	2918
815	2447
818	107
778	476
3700	4035
4627	1177
2278	1818
698	3293
103	128
2344	2493
1340	35
4342	476
3661	4228
4234	2812
2719	594
2178	4002
1513	4173
4422	1091
2722	2925
3735	280
2460	4143
3495	3721
170	2020
1791	2020
2035	124
2833	2634
3812	4631
1689	3900
869	2109
3502	3699
2002	2828
3123	3993
2069	2126
1726	2654
271	2541
4238	2466
2193	4228
2205	2749
3138	4258
2234	1194
2905	3048
3625	2306
1827	141
2502	4073
502	2382
1747	202
1603	2828
4453	3226
978	2131
2925	989
2512	3221
942	2321
1694	2178
2816	1172
4240	969
1571	3483
2102	2812
6	2447
2379	3778
3648	3483
3921	899
234	476
1892	1056
3658	232
3913	4044
4364	907
4394	579
2157	107
2236	184
3550	2672
590	476
620	3118
3023	81
2402	3836
4041	351
4067	1828
1791	3289
3500	1411
3188	1177
285	1297
1403	2758
481	1432
3846	2071
3122	1674
2584	3953
1769	4160
1512	3659
1827	54
3197	1056
1644	1243
2182	4544
928	494
4095	1806
4467	933
3337	476
147	2894
4328	4064
4268	2519
173	625
4048	382
1288	3017
712	359
1812	4129
3330	3418
3434	3118
2134	2382
64	4339
273	2988
1512	2564
2730	555
2839	2793
200	2087
2903	29
4459	4459
999	98
3538	2779
773	1432
1785	4334
3427	2316
908	207
3161	4149
1836	515
4595	4644
3121	956
832	3412
3814	1806
2992	4320
480	3341
4453	4309
3897	1177
2725	1431
852	2306
2508	288
1676	1194
3706	2634
4590	1172
1191	2175
1779	1818
908	3498
2902	4309
947	3973
168	2046
4164	3979
3406	943
2104	280
3790	3384
3654	2979
200	2610
1791	4568
2121	601
2216	1674
1409	2907
1362	4496
958	373
3519	1165
586	2977
2967	1718
935	4281
2962	1431
606	4125
541	2828
4281	3170
2416	629
709	1980
2084	1172
1970	4014
2556	1411
4503	2758
1024	223
724	1879
133	1348
3525	2686
1729	2175
3346	2672
596	2050
597	560
1366	1432
3820	2521
2814	402
2895	4212
3495	1862
1134	3341
2647	4638
2561	3385
926	2134
3677	4457
3122	2918
2741	1172
3151	3242
1603	2918
3348	1497
1201	1818
3013	4309
3568	1968
764	3054
1201	2533
2542	1818
2645	136
3457	2203
1146	4438
2475	2475
2934	66
411	2672
2184	3699
3672	412
4195	1432
775	1431
2744	2091
2499	4334
3013	3170
2296	3766
2985	3973
3550	2175
1303	1784
4029	297
3895	2306
1491	3680
497	2175
2678	847
1997	1610
234	1432
2130	2561
1277	3606
2725	412
204	1165
3655	98
2346	1497
64	64
1609	2217
2863	1074
2589	4294
794	4375
3120	2812
2227	2885
1898	869
4332	1432
3752	4035
1698	141
1867	943
3947	1818
1603	399
1639	3366
3960	4082
4472	476
4169	2800
1191	601
2843	1085
61	3090
572	1431
4213	2235
4148	1682
4233	4438
323	81
1332	3783
4453	3788
3598	35
4324	601
3842	4106
215	2398
4047	3240
1641	3973
664	207
3234	3666
16	1818
2612	3407
3292	1957
1327	625
1743	1090
456	2088
3954	476
2575	1367
960	909
1866	3504
1617	943
3879	4595
2681	4339
903	3555
3082	3242
3694	485
307	2812
1872	98
1263	1748
597	621
3280	4233
1986	3973
3338	3836
4195	134
3258	943
1638	946
1970	1959
1807	2273
3520	459
29	4334
2249	1411
1474	2260
3616	3472
2170	4132
858	3836
957	600
4078	2918
1491	3836
370	1818
3495	738
4196	3993
3391	207
4041	124
1039	3158
2344	4025
2448	4295
591	3594
4164	677
4010	4310
2681	1806
1570	2521
4067	3555
2711	4334
903	1411
3177	3639
3853	124
3614	4187
2702	1811
3101	4497
4034	3357
4049	3061
2690	3247
3173	35
3094	2979
3645	662
1124	4281
3474	3090
212	3569
1538	3877
4529	4035
711	1177
89	3671
813	3681
902	625
4494	4338
3931	3623
532	2374
3206	601
48	4533
3921	1818
3824	184
4332	2828
3013	1407
3667	412
316	625
180	324
733	2918
1017	3973
1324	471
3438	3242
1979	254
316	1432
3687	1818
2051	476
4499	3982
125	1407
64	19
2402	3819
272	1729
1345	2533
2053	1411
2628	1502
277	1219
679	385
2585	1602
248	4317
4648	2493
287	3544
1517	2374
1011	4428
4488	4595
4281	107
1215	738
726	3594
2612	2983
1569	863
1279	3159
64	1823
1024	3836
2424	2131
3966	3487
2484	1431
3793	476
466	1721
2412	625
2006	2044
3655	476
1403	1177
2247	4281
2648	4457
4154	3594
465	465
4182	4340
2856	3384
3715	943
3420	1673
1617	3993
3731	1957
4269	2672
3605	725
4024	3240
1094	4377
1785	1808
2032	1811
4056	2717
523	1194
935	1118
2816	1818
3116	4487
1872	1818
4420	1315
2185	3017
346	3005
3357	3525
3376	476
2772	3594
4428	1411
1994	1348
4333	3061
4033	14
1049	594
2491	207
2367	1414
743	4033
1386	4401
809	1806
2662	2323
2220	889
2098	4459
2932	4252
4164	1689
2877	2103
1573	3404
1724	2588
2856	4305
505	2806
1791	3726
2491	662
4007	3365
1414	2134
1434	128
2315	2577
3161	1811
3479	2073
3551	1494
1911	2812
4312	1771
2950	2053
1272	4012
4150	2046
3750	1034
170	1674
842	2588
2065	918
3687	3993
2596	233
2597	3539
2054	652
3655	2533
3066	1118
2088	3114
1156	476
2355	3027
4453	3977
4013	1194
4022	1583
2213	4304
1663	4408
4074	1672
4607	1109
1832	3836
341	399
2912	1407
2377	404
4394	212
4245	601
934	1457
2094	351
245	1480
2087	2398
1517	412
1179	2453
2512	456
2169	3993
3677	4129
2147	3555
2745	1263
827	1818
2032	4334
1587	1721
2082	373
1350	969
1970	64
683	4468
3162	1411
2461	3993
4190	3674
4311	4334
960	3025
1345	1172
2948	2564
609	3227
2808	1991
79	3320
2418	2979
3184	2690
3263	382
716	4320
1155	3993
3719	1431
3907	3061
587	3973
1994	4653
4276	2092
2896	2787
1746	2521
2987	64
1970	4258
4280	4035
3733	3639
1353	2918
3997	1060
600	4563
960	3017
3631	2681
2669	1811
200	2554
430	210
2781	1691
3919	1109
165	210
985	1968
2351	4286
100	2843
1729	1818
456	4044
3165	107
1791	814
3661	3483
608	4644
3174	601
2127	4260
3736	3689
93	1012
498	3670
2814	2399
3118	3586
2369	3624
4131	3407
421	4281
3691	3878
259	4073
152	1691
4642	970
2828	4624
1496	969
2379	3866
4162	3953
232	1346
64	4228
3520	3407
4411	2554
481	2828
370	1131
2577	652
2523	4445
4538	943
1666	2914
3365	4580
890	3457
3334	485
1075	2235
2074	3674
146	2866
3121	2654
500	476
3830	3695
296	3366
2190	3498
481	4035
4162	2166
1443	2672
39	2050
3064	645
1800	4644
4126	2577
341	601
3944	726
2811	1165
421	4035
4281	4228
1168	943
3013	107
1015	1404
3674	2374
4247	1806
2439	3162
4601	4437
3751	4069
1782	3819
4409	2828
144	1270
563	3819
3197	1497
367	163
2719	4387
1353	1432
481	476
4153	3983
1572	2753
1886	3982
1167	2159
2659	476
3316	2450
1587	4334
2659	3993
3076	163
493	943
4091	4216
3438	3993
2877	2107
4105	1863
4453	125
2785	4339
323	4385
269	1432
2035	601
2010	2952
3499	2069
1616	3953
3602	541
769	2793
3188	2976
1409	2071
360	3326
97	4467
978	1413
4640	2273
3571	2490
2988	792
688	4033
284	2686
464	3623
1241	899
2022	4294
3666	2352
3627	98
411	3982
200	3522
4540	2134
4461	1285
2108	2382
1321	2538
2293	2657
224	129
3284	3540
2408	3138
4068	1818
1625	4340
4164	2315
3161	2352
4256	1524
602	2672
1790	645
2431	4257
4486	1480
2581	3212
4009	4132
1591	2843
172	3388
3358	3699
1751	1407
146	4339
2501	2235
254	3993
2260	2749
2753	3910
2372	652
3067	324
844	4377
103	359
4083	906
1548	1407
2911	746
3076	3586
1634	1866
2863	1524
3761	3776
3334	500
1285	1791
2818	3689
2491	2812
4410	1319
4281	373
3623	4644
435	4250
1179	2828
1529	2054
4000	4579
444	4334
3062	207
3112	2531
4256	4334
2178	1228
877	1285
3748	857
952	2050
3927	2918
1878	4622
2846	4014
618	4622
3293	2969
4002	2293
4364	1348
1286	4568
3102	3993
554	1896
4466	4132
1037	2806
1566	3191
702	4116
3635	3366
2810	2672
521	1012
2985	1172
1800	946
2679	3993
2242	3498
3059	3876
1009	2918
2047	107
3589	3751
1391	943
1917	2306
2846	2935
3647	2914
3968	2714
3399	3232
2810	2175
981	685
1635	471
3185	354
346	4497
1888	334
3833	3037
3177	2091
170	601
4234	207
3445	1292
2147	1806
204	3504
1099	2812
820	3498
389	2806
105	4294
325	595
1392	2402
3067	2758
4220	270
3960	3936
2846	218
2401	1551
2863	4334
2074	64
726	3504
1591	4235
3642	471
4575	4538
1392	2290
1791	2251
3227	3646
59	4563
1791	1557
307	412
4427	1991
4535	55
1426	2918
3017	4652
688	625
1229	2521
1012	212
3595	2208
2411	2874
2775	1610
2599	4056
2649	2453
296	2183
4636	3232
1791	1083
3100	1800
113	3132
2659	2533
2382	942
4611	946
180	2227
4180	2793
1417	4149
1513	946
2503	4579
3354	3052
64	1564
155	481
32	652
1145	4644
538	152
4011	4228
1591	2131
1005	2306
4041	2672
3194	4116
2785	3159
1684	3982
4243	2749
2220	2382
596	3939
3048	3483
4277	2134
1201	124
3338	4163
884	1691
2104	476
3056	2749
4198	4260
4376	953
3534	4559
2074	1959
2074	218
2864	1806
4312	1118
4514	3017
2268	608
2690	2374
288	2991
3917	4603
363	3276
1535	1806
1392	391
2314	2634
108	4132
4304	3263
2880	2564
1970	3674
4409	2918
444	4036
3952	2785
439	1811
1776	3384
4069	1682
2101	1980
2595	2751
1156	1610
3254	207
827	98
987	3483
341	207
1565	1342
3737	943
1970	943
4647	4519
2561	4260
1515	3306
2157	4132
1410	3091
4215	64
2819	4173
1214	2918
942	695
4150	4544
454	4624
4581	4125
1672	1691
2141	1610
3663	4334
749	3973
4059	2071
2111	3681
3783	4132
2896	3689
595	1610
2032	2673
3376	4377
210	174
1812	2069
1993	1413
2512	72
3913	2109
711	4012
458	6
1479	3103
3457	476
3558	2324
232	1818
1720	2382
190	3594
2898	3836
1571	373
2460	1806
4156	3623
1344	1297
1506	1528
1107	1193
2685	2812
220	3416
3270	418
3067	3025
893	920
2094	601
1896	4644
3897	2588
1617	1818
3169	1784
4164	3762
3112	4132
4427	3549
2994	3993
4645	4438
377	107
275	456
4527	4334
563	4493
817	2753
1345	3993
2792	3112
662	4334
2424	3366
662	3059
441	662
1417	297
3780	1006
2767	621
4423	1348
2651	3014
3495	1748
3887	1346
2303	3341
2790	81
3093	3982
2081	4468
3022	373
1947	2588
3387	1896
4416	2979
213	3082
40	1910
1038	2466
4282	2159
1403	4388
4201	1610
3254	2922
2377	1177
3839	207
4490	3263
2557	2332
3215	2286
3107	2828
1167	3973
1817	207
2460	3973
3040	466
2572	2866
3493	2785
1362	4408
2785	3861
867	3090
720	1285
2703	989
2141	476
133	4334
2954	1691
1116	1315
536	37
2471	1090
2500	2787
4453	1571
4533	3366
2818	2918
858	2059
565	2745
122	511
2515	1610
1883	3993
4410	3366
3289	3836
583	2775
3149	1863
688	2173
2074	1863
3534	4305
1014	2727
3573	4622
1273	1674
1454	2922
3977	3048
204	3671
1472	4577
1812	2050
3724	4340
2872	1863
4129	4457
4227	1497
3801	4097
3184	3719
2846	29
245	3088
367	4260
303	2399
1411	2382
2903	1959
4584	3826
2405	4305
2098	2382
2968	3156
2830	3286
2314	128
203	943
2804	551
2761	4056
2837	2399
2382	707
3937	4574
3129	2721
2828	3472
263	3639
1031	4012
3571	4465
2695	1806
4423	2843
815	2672
3974	3286
736	2686
2389	3639
645	1524
715	4035
4454	4033
4021	4467
2051	1172
2716	478
3810	2643
1781	3343
103	2447
3525	3953
2479	412
3666	2787
737	3500
4062	280
3719	4339
1167	124
2711	3973
368	1118
2501	297
4311	1811
2912	3788
3330	906
4486	485
4052	405
1836	4097
918	363
837	1497
1661	3609
3667	2672
3108	3699
453	476
4453	3170
4070	3899
3071	4647
3108	184
2378	2306
1843	1243
3913	2087
61	4133
975	3936
2108	465
1672	2134
2147	1691
3555	1263
820	1806
3306	665
391	2059
2685	2922
3809	3764
3737	3973
390	404
129	2548
2159	3242
3605	4229
2778	943
1951	906
140	4459
1995	4547
2029	685
2231	3343
2701	323
2321	2903
485	2396
1125	348
2051	207
2997	2424
103	3936
4334	1411
2863	2894
410	207
316	2828
149	4132
3672	3555
4126	4173
1986	943
897	476
3512	4097
111	2447
523	1003
3457	2898
295	1450
3254	601
1179	2918
3722	629
100	1090
3645	64
1134	2352
3328	2338
2955	3936
2775	1431
1683	601
4566	2306
2606	4035
975	2753
3507	4294
4475	3671
3093	1818
2759	4456
1409	964
1791	1832
217	3973
1791	3680
3589	2947
1505	2134
258	4062
3495	515
1049	1085
1241	207
1277	1673
2716	3885
3267	2178
2461	4377
1077	2533
827	943
4411	4098
2589	2020
1055	1621
1267	916
3645	29
64	4258
2627	2293
3331	4258
680	1145
2155	2686
1318	4033
4036	946
3741	1786
3847	558
2395	3773
65	943
2669	600
1207	1499
3165	4132
3839	2812
2941	3993
1832	2043
3494	2306
1235	2759
2544	4281
4206	476
4129	2628
96	4143
4560	4573
113	2374
382	1085
3840	4027
1501	4579
980	853
1823	1091
869	4209
2912	373
864	1484
2475	2645
407	906
4170	2979
78	1143
29	1721
1639	3159
3338	2075
1683	4082
4281	3788
4011	2654
1997	98
4449	2753
1445	2466
3623	786
3360	1292
4300	1806
2305	2914
4328	297
3012	3623
2912	107
1958	3384
1622	280
677	2577
1677	2159
383	3606
3225	207
1526	4012
1805	4311
1539	901
3104	1450
3713	4173
654	1691
1536	1708
1859	1818
4355	1159
4164	2054
3804	4579
2479	81
4444	1794
2205	1177
3225	2812
4190	1811
4493	4226
3666	1524
1739	621
618	3936
335	1700
2401	989
1389	1145
2779	3159
2107	1502
1228	4506
4062	4334
3101	2812
2127	4113
3759	1385
4453	4281
4509	909
4245	124
2907	2396
1314	323
3078	476
3319	1091
152	2519
4315	3404
1752	1145
2785	1177
2810	2447
3013	373
2402	4568
2460	4339
1075	4510
3457	1024
4188	233
456	1427
3297	3310
2949	3993
1101	2890
1253	601
1666	1034
3299	909
1588	1225
4620	207
367	3586
3963	4457
1134	4149
975	399
511	2548
587	1806
4196	1818
588	3686
1571	3170
1746	3766
2828	1215
4115	1172
661	3483
1405	3204
3569	4046
1814	1810
3096	3699
2931	4439
4164	2346
441	1691
3872	476
2729	2053
1677	3973
3041	1700
2151	3132
1663	4177
3706	1499
2424	1413
266	3555
2867	4544
1374	2398
976	2613
3023	2412
1454	2159
4453	1449
3743	4132
2036	2306
3499	1458
1903	1735
2825	4579
1892	3090
520	2991
761	3061
723	1616
343	2073
3360	4524
2121	207
1133	2080
4359	3366
2882	392
1836	1862
432	3640
1154	1270
3831	2678
3954	207
4423	1988
300	4028
3094	1297
2471	3242
80	174
1399	943
4095	4579
4332	476
2941	1818
3217	382
3571	1292
2675	4339
4652	1968
3865	2073
730	1964
607	3778
4256	2156
721	651
39	4457
3983	2067
1406	4294
1468	3145
4453	1060
173	351
3123	4468
1362	3310
1060	3483
2988	4399
869	4044
687	2203
4503	2753
3131	449
1693	1090
840	3973
1167	1806
3691	1957
221	4164
2159	4062
2584	3025
3000	943
4308	2175
2499	786
733	476
1563	1549
4477	4098
3713	3776
3142	1957
4037	2828
1858	625
1077	1818
2973	3252
4545	3606
779	608
1143	3544
3886	2814
1655	94
3925	1775
1800	4334
1896	786
4477	3522
1077	476
3713	4381
3247	270
1406	2672
1842	2676
636	1229
3376	4033
3771	3005
1253	207
908	2812
2867	2255
1325	1610
4639	3963
3666	3090
1885	3555
898	2273
3677	2050
3272	334
1267	2382
4611	1988
869	215
916	2374
1996	4012
1905	1297
4454	1431
1871	4132
3575	1691
96	705
52	1118
1359	2979
1239	4027
1286	3836
2927	706
168	3091
157	2095
4078	4468
2659	1818
2883	3406
3804	98
2216	207
4103	2254
90	212
155	2519
853	402
285	444
2094	625
1406	2453
2169	1818
1414	2220
2446	3487
1344	2979
4638	652
2815	2686
4256	2787
2883	254
2351	4636
4611	1034
1015	989
3261	2073
4245	2173
3160	1090
3927	1432
2348	2020
3858	1610
2649	2812
897	2533
2482	2050
1437	4111
664	2673
3288	4281
2949	2533
191	985
2865	4190
272	3516
3399	3540
3624	1771
1304	3330
4453	373
1986	3982
272	2278
2439	116
4409	1432
2477	527
4221	625
1472	2672
1049	4339
1024	1794
3853	2533
2066	3495
172	1991
1693	3842
3912	2208
4036	2255
3519	3504
1932	2828
2890	3110
480	4334
2256	4457
4131	456
2379	3549
1705	4309
2068	3681
1222	455
2519	1411
323	47
323	323
559	2235
7	3973
2313	4082
4542	3498
869	1427
1666	178
3795	2393
3661	1407
952	2069
2542	2020
3969	4334
2746	601
3311	3391
356	2450
3706	2686
2846	1959
3679	2235
862	1177
3639	1165
4076	685
3136	2585
3272	2749
1768	3170
4342	3699
1899	4036
1684	2533
2000	3136
1017	2672
780	476
2389	1407
1791	2290
3411	47
2730	253
3658	3982
1023	1896
1372	1972
3837	4506
4040	3681
286	2846
1607	3993
4263	2759
4522	4450
2548	1691
1993	184
1366	4468
3123	1818
3198	3014
794	3320
3227	2107
4369	253
3203	4403
2853	128
1624	1502
2554	163
4577	2613
2105	3271
2589	2672
2313	1806
2584	2758
889	1285
3666	4149
2993	485
4648	3366
1649	4013
3271	163
4188	1440
1948	455
1318	1610
2487	4335
1403	3061
3539	2296
4449	1499
2141	1431
4175	4132
2112	2606
2021	1909
436	2306
650	1524
214	270
971	4647
4103	3594
491	2753
1358	476
517	1432
916	3371
1578	3215
4261	4578
1421	1691
305	471
4333	3229
1375	174
2912	4309
564	2398
1562	2398
2690	4580
1358	4294
2760	2493
884	4258
4453	2091
2884	2884
1858	4033
2100	1411
71	2382
2777	456
100	1108
2127	3698
3779	2672
3786	909
4030	4493
3122	476
1805	4225
4408	943
2064	4023
473	1411
1791	1491
4494	2200
1119	2306
134	2828
2554	3586
1864	4487
1663	3155
2808	4258
2759	1645
2741	1610
2394	1731
3048	4426
3550	943
4359	4143
693	3057
200	4098
1505	662
2681	1988
4581	1497
3158	3263
3623	933
1639	540
3432	3238
2708	1145
136	4148
1327	601
3194	4457
4450	2521
1866	3594
3592	3306
516	233
3078	2812
3289	3726
3068	2132
4164	1782
675	625
1696	1431
2321	3280
598	1450
1333	2533
4420	212
2553	3607
3149	2374
2689	178
1095	3407
3295	3606
3524	359
733	2828
3507	476
1429	3242
767	207
2570	412
846	2134
4605	3048
210	1811
200	4383
2561	4113
1207	4228
3467	4281
1659	2556
54	1145
3095	1610
2065	3242
975	4320
1171	207
662	2787
1145	933
86	1101
4037	2918
4249	128
1791	4011
526	1165
911	174
596	2069
716	3091
1290	3034
4321	2781
1755	625
2675	4143
3054	2131
2399	601
1817	3699
1724	2358
1138	3008
3998	2159
103	4320
3778	1721
3239	2750
959	4012
1044	2521
3021	3404
2211	2227
2169	2533
2461	476
4192	711
2917	4544
2645	1645
271	4035
2408	3982
4164	2339
4186	4497
2673	382
2584	66
1512	3544
3804	1172
4157	3681
3702	2800
1663	3310
1516	3242
4359	540
2146	2793
2807	2549
1701	2306
1800	4443
1720	2988
3239	4334
2184	1090
1043	3947
3876	4258
3939	4457
3824	1610
1044	4305
3834	2951
2838	4334
3909	1955
4639	2050
3036	3605
4206	2533
2584	1998
2847	2273
3455	3594
1971	3371
393	2173
1423	4595
4248	476
2572	2533
901	946
3054	2979
2810	943
1403	4101
3062	2812
1555	2979
1593	560
4164	3961
4453	661
3334	943
2501	4510
1887	608
2985	943
3334	3257
3531	3565
715	2656
1338	1691
2161	2929
3814	2159
4449	3639
2389	1468
3730	257
3360	2722
3107	2918
2346	423
4388	969
2446	4497
2367	707
1970	1721
4424	2812
4495	1691
3743	128
3000	1172
3209	4244
3006	1432
4025	2613
4411	564
381	3836
2654	3323
1358	2447
2155	4334
3947	4497
3696	3982
3331	363
2693	662
3588	168
2414	2254
893	2076
2147	2672
3206	2812
3288	1118
809	3699
1134	1524
2857	1407
2074	29
2973	3819
1486	711
456	1374
4453	2905
2311	4377
3946	4281
1179	625
850	4340
1795	711
2074	886
1604	4132
3793	2533
3203	233
1607	3699
1017	1806
4648	3936
1899	2914
1846	207
210	1721
795	2749
3666	2894
2479	2374
654	2588
465	2627
1148	4228
1746	2388
2699	3011
151	2323
2681	3982
2557	3836
1426	2828
364	1118
3624	1118
4187	4106
3208	521
3330	1931
808	3320
1615	3958
323	512
2970	2952
2333	3252
28	573
1358	3982
4004	3017
2130	275
801	3191
1979	1729
2261	943
3096	3242
4538	476
1207	191
307	601
1965	1177
3804	476
3427	762
1192	4547
650	4334
3169	1407
2846	2060
3465	995
2114	405
3161	1085
3507	2672
4411	215
4573	483
488	3881
591	3565
4423	1091
2541	4334
2973	2396
64	3819
1684	3993
28	1389
820	2159
4031	1771
517	2918
1303	4228
918	3549
3927	476
523	4415
3913	215
3603	1385
704	1432
502	323
4164	70
1414	1563
707	2977
2684	4320
196	4064
2278	3993
3680	2654
6	2672
2744	4309
3028	2383
668	223
2445	3061
869	619
1712	4132
3750	476
2184	1319
2329	1367
4464	3472
4411	4383
329	1090
3853	2173
3337	4579
3258	3982
393	625
3060	2159
2533	3993
608	1705
37	946
3516	1818
4233	4171
668	3836
3645	1811
3151	3699
1081	4547
1224	1818
650	1811
80	207
3093	3993
3779	4294
4294	2672
750	2812
4639	2069
1886	2519
1891	233
2379	3695
3123	943
3740	377
168	4544
410	451
1226	2045
1408	81
1372	2065
1094	1610
1767	3061
551	1118
3868	2779
1751	354
3416	4309
2097	2103
1333	625
4472	4033
4317	2988
3067	2227
3331	1564
4467	2961
730	1432
1134	1811
875	3973
3877	4459
479	3670
2762	2533
1134	4334
3960	444
3713	1404
362	1806
2159	1806
3713	2907
1965	2588
4630	4334
4062	3242
1088	4340
3626	2175
780	3982
1167	4082
2981	1818
3858	4033
1143	2564
2079	2753
875	98
424	1357
1779	210
3713	4125
3801	3504
3821	1639
309	1266
3654	1468
3878	2800
2338	2338
2261	3993
2941	2533
2157	978
744	3077
2379	4073
4103	3504
4178	3659
4477	564
908	601
767	601
1417	2827
4420	558
1171	2020
1086	4132
3850	1610
3301	3594
1919	4062
4568	2654
709	37
544	370
393	2918
3117	2447
3511	3297
902	1432
1362	2374
28	2935
1696	4033
3667	4294
2584	656
2022	2447
3853	3993
4577	4339
1617	4377
65	3242
4648	4339
4473	1059
2035	2812
736	1350
1977	3607
4453	2912
3310	3973
4411	2087
3830	323
3342	1497
1675	3699
1345	1818
2886	1432
2102	207
6	4294
555	4438
444	946
4051	4298
3322	2533
2304	2225
4453	2744
3892	4647
2192	444
1791	1726
3372	680
3964	4257
777	969
3626	1432
3263	1691
2994	4339
1987	964
1408	3059
1448	207
3897	2519
2479	1806
3858	899
324	969
4573	2727
523	2396
111	2672
1846	1172
1498	354
687	1024
2235	2466
1607	184
3259	1818
3645	2935
3782	906
1311	3504
4314	423
4164	32
1443	2175
1083	154
2785	3366
2134	877
2090	1090
2185	2979
4067	4258
1384	869
3033	1458
2181	2656
3873	2306
474	2588
1282	1935
37	4636
4120	2306
3969	116
832	4457
2540	1528
64	4293
3960	4320
4164	1048
4162	1496
3027	1658
2890	296
3384	3594
3348	649
3067	4388
4524	2703
2681	2613
4273	871
222	2306
758	2549
4221	2533
4248	207
1228	1811
11	2065
1516	1818
2988	2988
2527	3124
117	4133
2973	485
1891	2017
4031	1118
2162	2564
1908	3240
2601	272
1403	324
3603	4132
2584	2885
3653	4457
4245	207
811	899
1791	668
4268	2588
173	1818
2503	476
55	3953
2418	2753
1750	3776
2903	3674
3507	2447
4162	3431
645	4334
4437	4428
2678	4258
2785	3061
2377	2976
1257	649
1854	124
4307	1118
3161	320
780	1806
2819	1497
4137	4467
2959	2758
323	873
1771	3953
302	1091
3589	2286
387	4062
1979	3438
4490	2134
4033	1431
1975	1645
1456	4522
4268	412
1696	2922
3850	1346
1932	2918
4307	1771
393	2828
1029	4457
2405	288
1097	3544
4355	4311
3491	2549
2917	3659
3254	2812
3839	601
1899	2401
2395	1550
4230	4407
4096	1710
1557	3836
3829	2723
4068	2533
6	4497
2139	3242
1658	33
2903	64
444	412
2536	3498
346	2519
4408	3699
1525	4187
567	4415
4537	280
3469	4614
2379	3498
707	3454
4214	1575
3254	625
817	3639
775	4033
1497	652
2561	3698
1422	2050
3668	3170
2723	2162
200	564
158	4574
2411	4113
3174	207
3346	4294
3610	2464
523	4242
3151	184
2152	3766
4324	399
3648	1407
2203	1726
1641	2159
4633	3531
918	4258
272	2374
272	3123
2165	2048
1229	4522
975	444
2193	978
3817	2306
707	695
4494	4168
188	4579
1093	4168
3858	1431
1214	476
270	2071
2203	3836
2592	3341
266	2374
2159	280
8	3184
1896	933
3133	1674
2512	28
730	2828
155	1721
2042	3048
1548	978
4453	797
4148	1394
1265	2654
1593	621
445	2374
736	3025
2640	3118
7	1806
3101	601
2107	1046
3706	3788
3464	1118
1409	1670
4477	2109
1791	3338
2459	1549
4414	4544
3751	3339
919	4468
1677	348
1791	1674
28	1627
296	4143
111	2020
1392	668
2670	2753
2395	485
1538	2382
2393	655
2548	1263
726	175
834	3953
4489	2134
2247	1118
4067	405
2630	943
3337	1610
1791	184
4522	212
3692	1833
743	124
1279	3306
2078	4073
780	3973
1965	4027
4586	4173
811	943
2896	2352
2168	711
532	1691
3318	2382
2678	169
645	1085
3798	3549
2062	3836
1278	207
3096	3973
1604	2101
4496	1806
3517	4544
4068	124
2399	2812
4411	2088
1071	1145
4467	4347
4424	601
4567	1815
1883	2533
4295	3110
1779	3993
3533	527
778	1806
2217	4062
2928	474
2811	3019
1769	4647
2687	207
2214	2785
4148	3339
1975	4456
3786	1468
2290	4173
2258	595
2695	348
3911	1968
701	4544
2701	3778
4576	943
3171	2316
1286	4285
4142	500
2393	4287
3590	55
4282	1806
1168	1806
1886	943
3206	3242
1004	1046
7	412
4602	943
3331	3549
4196	476
3078	4579
4454	2173
590	1431
3145	1968
2689	1735
4642	2477
3228	3119
248	2382
1812	4457
3432	233
1886	2588
2544	1118
3381	1896
4564	2485
4477	1427
106	1145
3519	2952
2552	4090
2511	184
601	207
4201	3242
3060	3973
4248	601
474	4644
3637	1848
3375	2634
736	2758
4449	2634
3120	207
2211	4388
1924	107
323	2178
2887	3681
1755	1610
678	4052
1729	943
3761	989
4067	3549
846	1863
1009	1432
4625	3156
1551	1824
125	3483
2506	4334
3850	3982
3719	625
1365	3014
3680	2091
3365	728
3181	4228
3102	1818
4454	1610
4423	4235
296	3953
743	2922
1454	3973
2702	4334
3225	81
1677	476
4164	1987
3058	943
2221	746
1520	1806
2823	98
2090	4187
4612	1735
2500	4334
3273	1610
1125	2812
3117	2672
2536	1806
3375	1297
3822	107
3054	3366
4172	348
1743	3699
4164	3348
79	178
2856	3492
2147	2374
2461	2533
992	494
2097	4305
3310	3242
4294	2447
146	1806
4503	2227
4234	601
4062	2787
1883	625
592	814
272	792
2401	212
902	2828
1602	33
1279	4143
2065	2374
2050	1814
1134	320
2022	476
842	2828
3540	3043
2479	1691
2313	625
3107	625
3250	207
1740	476
64	107
1403	3025
4151	2306
1688	2306
1731	2548
3406	3699
3940	280
2863	2787
1233	3240
1410	4544
41	4426
1574	649
4371	348
792	270
3502	3242
4012	1239
3346	2447
654	1982
3934	1502
4500	4288
1245	1909
2549	2643
240	2432
3089	421
4520	2096
3443	4229
4190	1721
146	1091
2871	4288
897	174
4131	2812
1876	3648
4150	3091
3913	564
439	1085
902	2918
157	233
2681	1346
913	1748
4411	1427
3970	439
778	3973
1226	3139
4325	1517
983	3700
2833	3639
3640	4359
1279	3028
4520	4098
3524	2672
551	1771
601	3555
2165	1710
1641	625
140	1721
687	1491
1657	1193
3416	3483
1630	392
2192	3973
2367	2382
3836	1232
941	3533
1372	1303
180	3025
4067	4035
3193	4401
3524	2447
2411	1357
3913	3522
1392	476
4029	2273
1460	1417
1438	4097
1836	4149
1587	2588
1563	873
942	4287
465	2382
3345	4571
2482	4457
2944	1432
3823	4305
3378	3982
3837	2382
555	4171
1638	2969
856	1551
4477	2554
2484	1610
1715	1274
3337	1431
1705	373
743	1431
1487	978
1696	1610
2895	2541
145	98
3078	601
4195	3090
3571	4351
2092	1815
4477	2087
2159	3973
180	4101
3149	4334
3662	1101
1986	1806
2896	1524
1449	3483
2883	1729
323	4496
480	645
369	2979
144	207
3206	207
1032	1145
987	4228
1264	4305
1817	184
2211	324
448	2112
2436	3771
3411	2382
4612	4334
716	2046
3640	3110
3647	3982
1015	3776
3228	3606
3101	207
2494	1583
1896	2519
2559	978
2809	906
1506	1484
2121	124
4423	4339
2831	3936
1470	1806
1426	476
1791	391
4632	3663
2863	4149
2986	2134
650	2787
4465	2011
2741	1431
628	2091
2994	1818
4595	786
217	3699
439	4334
4453	3765
2319	4614
3524	4294
3966	2519
210	3059
3041	675
3342	4229
1899	476
132	1710
3080	2690
4453	1407
272	254
1278	2812
378	1879
2690	728
4164	1011
4453	4228
3435	2657
415	4012
727	943
3984	2717
3457	2402
70	1670
3939	4125
4436	2306
2864	2159
2596	3063
3077	2877
285	351
751	1772
2022	2672
1164	983
1840	4226
2430	4647
2016	3982
4239	2254
1191	207
2302	1791
212	4413
2690	4225
456	4098
2150	464
2251	4066
3225	3555
2082	354
540	3404
2865	2588
650	4149
2711	4320
3907	3641
3322	124
4211	1528
520	1012
685	3831
2460	146
3854	834
4467	4644
3406	3993
3524	625
1533	1362
911	2672
3655	1818
14	280
3161	807
1705	107
2735	485
4342	2828
2805	1889
1201	4082
1535	2159
4164	3342
3096	184
2260	402
1859	625
1705	3170
1083	3836
134	1432
3614	1090
3687	2922
1057	3756
3913	4098
2408	3876
1970	4334
4138	1172
4335	2800
2305	4305
3276	2050
2681	2866
4454	124
4269	625
1726	3170
3016	4377
323	4461
3457	391
1972	4311
3054	4143
797	3483
4009	1297
3921	3993
3075	1177
4332	2918
4453	107
3117	4294
3322	2453
4083	4035
267	1297
4303	4228
1830	4163
1549	2569
818	1407
4500	3936
3733	3017
3645	2374
4508	3430
421	4644
285	3936
1785	645
2251	2654
1461	3498
1926	899
2992	1811
3736	687
1109	1468
4059	3331
4130	1806
1653	1949
1675	207
523	2564
2895	3932
3896	1417
1155	3242
2482	3939
9	943
767	2020
128	3911
4539	4468
1899	4173
1791	4314
4466	2101
4164	2829
3034	1771
529	4533
1386	3504
1858	1431
627	3741
581	141
4506	1285
1513	1558
2217	1411
677	649
3719	1610
3330	2437
3330	2568
3726	2654
1040	4490
125	4309
125	2091
20	1118
3297	81
200	215
1807	297
4131	207
170	2175
2408	1811
424	573
289	107
2912	3170
2561	1357
778	3242
4256	2352
3438	1818
3725	128
2172	184
125	4228
1083	3680
1574	4025
3184	81
1905	3170
285	4320
4577	1091
2166	969
2711	444
1145	2750
4164	769
2666	270
1208	1793
37	3284
468	2134
2351	2131
1224	943
2754	3570
1958	1337
827	3993
2994	625
2228	3804
2074	1971
2722	485
4190	4258
2903	2935
147	2546
2648	832
1395	4624
4269	2453
3937	2918
1832	1726
3357	4132
1881	2714
3507	1674
2962	4033
1417	2273
138	3639
1338	3019
3692	2676
2875	2873
3779	124
3595	2508
2169	351
2719	3544
2397	2032
4164	3295
1280	1294
2062	4568
3500	1863
3102	2533
3120	601
822	3495
3297	792
3458	1379
616	1270
784	124
3420	1769
1814	4164
1836	4135
296	3404
2983	1266
1935	989
2083	1432
1790	1808
1651	2020
658	1811
2188	943
4281	4309
474	933
4033	1868
453	2672
3713	3819
1607	3242
269	3699
1096	2050
2290	3836
568	3681
2310	1025
1951	1831
1041	2073
1168	3973
4300	3498
3779	399
884	1165
2570	2533
4281	2091
1327	207
4164	3293
1800	933
2527	1118
4321	3186
2883	448
90	989
1156	1270
1979	3516
1878	392
93	920
2572	124
1543	3847
2649	601
1919	1431
1866	4462
3871	2991
1305	4133
3369	4281
2321	4168
2941	2175
1666	946
216	4064
1398	2686
3839	476
3998	1172
893	385
3151	174
2722	212
3969	297
4164	4227
4072	4226
3292	2820
2220	4051
4282	476
922	3569
2104	3212
1977	645
4503	4101
869	1374
523	946
1662	3771
19	3982
3240	414
2847	297
2379	4168
3291	3263
4083	4062
103	444
3014	382
2065	3973
1683	2812
869	1562
1772	2976
1408	1431
1257	3836
1746	1315
1472	625
2818	2828
1227	652
3187	2131
1803	471
592	3836
1638	2914
93	3953
3174	124
3414	1090
2785	4143
1358	2672
444	1811
1999	2076
3226	3048
44	2306
3513	1350
33	1811
2064	456
3054	2843
3399	37
1854	3973
875	476
3749	370
4423	4093
1109	3953
3276	1549
3937	2828
3354	233
4036	2794
2779	2979
3517	1051
2974	2717
795	4012
516	2238
3726	1925
217	476
3713	2076
3927	2828
1448	601
2572	1818
3531	4544
3684	1690
3869	1432
1976	2613
4616	1674
1970	886
2597	1456
4033	1610
2762	476
4481	2306
4310	2569
232	3982
2485	4493
2994	2533
3106	4467
1666	4320
3703	2968
587	348
2581	4538
3544	4226
3910	1968
1791	1286
2724	1502
2925	1551
4152	2577
4416	1118
558	212
3864	107
4149	378
2557	3646
959	2749
4115	1610
846	466
2704	901
1245	1118
116	3239
3912	2914
2762	3993
2134	1228
3002	4335
703	323
145	4033
1476	33
261	3958
2846	445
3059	3138
229	191
2972	1910
3627	207
3023	994
1686	1468
4237	2306
4449	4309
4029	178
1116	558
111	943
2333	485
891	3847
4457	871
654	2519
1452	1118
1086	1407
3346	625
2850	1417
3750	2914
4616	943
1755	4033
1409	3713
1873	4415
2762	348
368	4281
4046	2285
1179	1432
1693	184
4321	1165
2460	334
4503	4388
2703	212
2883	3438
254	2020
2665	685
4294	210
1391	2020
158	207
2533	662
223	2654
2332	2654
778	2159
658	1721
2029	4073
270	1748
2707	474
1712	191
2021	1118
1882	1786
2723	527
3530	2585
531	29
4164	2990
362	98
1986	2681
37	485
2461	1818
3406	1818
869	2088
3653	2625
3947	2533
671	2952
1525	2175
866	1367
3550	1674
4117	4309
132	1497
4281	1407
3174	2812
3116	2588
2393	906
2267	128
2584	324
1128	624
2751	2745
3715	174
4568	1407
2863	2352
1080	2850
3437	2533
1488	4365
453	4294
3048	665
3201	3170
2102	174
1264	2182
918	405
3330	3549
1817	3242
1998	1118
3707	3778
543	2686
1599	4334
1501	943
3798	1640
2864	124
1685	1432
3225	2374
4342	1432
4162	4392
3095	1270
1193	1263
2726	1484
1704	906
1551	3569
3840	1177
1791	2402
4563	1811
1155	1818
3082	3090
675	4622
3550	4468
384	1691
942	2382
2151	1811
4068	399
741	2053
4444	1497
3831	2588
4062	3059
3045	2499
4595	933
200	2619
3326	2976
3343	983
1146	253
3117	124
4072	3646
66	4281
3740	2447
2132	2396
4138	1818
590	3498
3134	2306
2401	1404
2506	207
4190	847
1463	2753
3897	3005
2746	207
4616	2672
1309	2053
1010	4097
4563	1085
4314	1726
951	2343
312	2306
2669	1348
2079	3061
2811	1338
2313	3973
217	1806
3437	476
4347	4467
289	3788
4543	4625
781	3017
1311	1583
4640	297
3990	1367
2944	2918
814	2654
791	861
1572	2979
1098	4468
4433	3993
653	4567
3067	1350
4103	2027
1118	4604
2169	124
474	786
1743	3842
601	2812
2000	3341
2211	3025
29	1811
4164	837
3645	3674
2531	2753
1632	1014
4453	3483
4029	2316
258	1818
96	1484
840	1806
3102	124
2182	2714
2584	4240
2203	3269
1546	1294
3741	4408
2772	3504
631	1818
3214	2800
4121	2588
4640	786
2256	2050
234	3242
4093	1085
4096	3544
2001	2306
661	373
717	3495
3369	608
1521	3567
1075	2273
4423	1108
200	2088
382	2200
4533	1980
1158	3671
4540	3263
2379	702
1929	2306
1945	2316
797	3788
709	4286
808	4375
4533	2979
3326	2235
3053	3699
1937	2812
453	2447
210	943
4121	3430
1098	1818
4577	2866
3668	3483
371	785
4489	3263
2958	1297
1025	1703
1421	662
1318	348
2604	2170
4278	471
586	4258
2396	4257
2485	4173
1534	1484
658	4035
152	3005
2880	1194
1784	2131
3966	4497
1420	1131
983	4254
1576	465
196	1165
575	1468
2649	207
3679	4497
1472	2447
1842	2382
4477	2088
1099	476
532	412
1155	476
898	297
1545	2721
3120	625
2379	873
678	2812
784	2866
3437	3993
3408	3119
1854	2159
316	2918
1861	4307
37	4415
3371	913
3645	4014
3126	4367
3180	1090
1998	1909
3445	4142
2177	1372
517	476
4533	3159
4041	2447
165	2134
2278	1674
3891	2306
272	3438
572	1610
1418	3496
3516	943
3766	212
2865	2519
967	317
2141	4033
2744	3483
1377	392
1935	212
650	3090
3054	4235
20	1771
2828	4547
124	625
3442	1831
2685	601
2181	4035
2825	3993
3174	351
4389	3404
581	680
2728	4647
4005	24
2351	3659
2912	3483
527	3968
1086	1784
2464	3826
1977	4334
4198	4098
775	1610
3431	969
2471	1319
1457	3569
2674	471
1683	625
4164	2819
947	625
216	1691
2132	3819
52	4281
4078	2828
4639	4457
4381	1723
2779	4143
3190	3066
4645	253
1106	583
607	906
3812	233
2313	2159
4648	3159
2830	1951
2829	420
1575	1118
4170	1297
3998	1806
1297	4372
1304	1692
2679	1818
4503	1350
1514	934
1095	3311
1864	1691
4001	3788
1711	133
3376	1431
3811	402
1987	1497
3384	3504
1327	2866
4227	2043
3289	2969
3162	1735
105	2672
2846	886
2992	1034
3180	3842
2589	476
2308	978
4111	1417
1746	1456
1449	107
1993	1090
2278	943
2754	2046
563	282
571	3803
444	4320
3719	2235
1494	1266
2533	1818
1836	280
1944	346
818	3483
3060	1806
1512	1194
1224	348
1257	2059
2141	184
4529	906
2741	476
2411	4260
2777	4509
523	2714
3322	1818
2143	3404
3759	4228
2022	174
949	431
2147	412
3768	4012
4428	1263
2460	2979
4333	128
2501	2273
94	4334
4433	2173
3639	4339
1972	3205
3575	2273
382	4334
4312	1589
576	3804
1826	3681
2239	2343
2041	4647
258	3993
2044	2976
4519	937
1739	560
1095	2983
995	1456
3372	1101
4206	1818
3375	1499
875	2159
3741	3310
2988	2382
2327	3684
3314	2721
310	1432
1443	4294
2102	601
3060	899
521	3569
1903	2374
4508	1691
2221	1177
3493	2686
654	2323
1899	946
1199	2306
4472	1431
4168	1266
3133	2020
2401	3776
2044	3239
381	1726
2351	3284
3762	649
1954	608
1937	207
1465	1700
2885	969
920	385
1211	3014
3428	1301
3096	943
2876	2606
2211	1350
3928	2220
1422	4457
3529	3435
2481	3525
916	81
4129	2765
2155	2173
1191	476
2551	2954
712	2812
3645	1959
481	174
3557	2254
4133	2812
2680	4339
3592	3028
1740	899
2684	2182
1009	625
4206	2175
4164	4638
2875	1101
2766	385
4353	3576
1155	184
3811	711
973	527
3278	3170
4209	2398
2838	1348
4486	3088
2515	1868
234	2828
3801	3594
3771	2588
1267	4051
2410	4047
4369	4171
4085	346
2996	1779
310	2175
3152	4013
4513	1980
2880	3544
2094	207
4611	2914
4503	3061
4164	4152
1858	1610
3215	4258
278	2775
321	3623
801	3606
4539	4187
769	154
4037	1432
4162	3701
2687	2175
4088	272
993	1946
2408	2073
3752	2500
4117	2101
270	738
2074	4014
4344	334
4637	1346
1786	3645
2662	2588
3871	1012
142	128
1417	1445
1614	4035
1740	3993
2685	207
1883	2453
2262	1270
750	601
3730	4027
3413	3569
1859	359
4527	1811
2441	4614
1425	847
1362	1806
3023	2065
2588	1691
4586	2107
2485	3745
707	4287
3096	1806
1077	3699
210	2787
3264	3605
391	4125
3437	1270
3212	943
3937	1432
3056	629
14	3242
3913	1427
4595	2588
2820	2800
3661	107
3391	1868
981	2050
1982	2323
2308	107
2684	2046
2589	2447
1958	3492
2846	2374
4523	909
180	4012
2420	2225
668	1056
3534	4173
4533	4187
1804	221
3391	2812
4495	2273
1169	2235
916	1432
4101	969
365	207
583	402
142	2979
16	2866
121	4462
1201	3993
2584	4035
828	280
3122	1432
3464	1909
3359	2654
456	3029
1364	4457
3082	943
1353	2828
77	2814
902	351
1426	3982
709	3284
3713	385
4411	2640
4062	1721
975	2447
3706	3639
2062	1710
1155	2533
2896	320
1957	4390
3635	625
200	1427
4189	1502
2155	3936
2858	392
2315	455
588	2721
2274	2954
4575	1292
1155	3699
4078	1432
2211	4101
170	476
608	933
2521	3196
3070	1078
3255	1270
3650	280
4164	4581
4131	4168
1458	4457
3645	218
1767	93
1443	476
3199	546
3839	1674
2253	414
1638	2521
2503	2533
1142	3061
3961	2372
4473	1348
3672	2374
2680	1091
4186	404
1603	625
2938	1674
2886	2828
1899	1034
875	1806
2503	3993
2846	3555
2601	3901
1253	899
4620	348
645	320
2701	3695
687	2898
2767	560
195	1165
1454	625
2864	2866
196	216
4079	3306
1487	1407
1465	3041
4638	3819
1513	4559
2339	2969
210	4334
3326	1131
3954	2812
4306	3054
974	4416
1364	2050
1500	3263
4175	3017
4233	937
456	2554
2102	476
4164	132
4061	1118
2351	37
16	3993
1786	258
750	124
3319	2325
1328	4285
2944	625
4503	1177
3442	3388
4206	3993
2290	4011
4165	3495
3062	476
4238	2134
204	1691
2808	3689
2263	1889
572	4048
3626	476
3613	943
4493	1988
2944	2828
549	652
3707	3695
3950	3681
4342	2918
3339	1653
2829	1497
2573	969
346	2588
485	2714
2450	515
2490	3043
662	1811
323	4062
2684	3091
3764	3623
3058	3699
3445	3567
3328	3061
1212	6
3765	3048
2441	4544
262	4359
2399	1131
4266	970
4131	4439
4150	3008
2227	4240
3066	1771
780	2681
767	2812
719	4647
546	973
289	3483
2572	3993
3136	4408
3983	1301
3016	1806
4308	1674
4410	2131
2347	2686
18	1632
2217	1691
4016	4457
281	4273
2592	1882
2074	2935
757	1610
1791	592
2260	1932
3025	969
3581	3090
1364	2069
3006	3242
1535	4579
2466	4334
1705	1407
4164	1789
3001	2432
536	2877
2992	2914
3969	2499
168	10
3988	184
3589	4258
2787	1085
2262	1818
444	2914
3060	476
1375	1818
3988	1806
2828	280
1858	2866
2570	1818
4616	2447
2489	2613
4221	3993
497	943
2648	2050
55	128
3520	2983
296	3159
1772	2519
1197	2254
2584	4388
3175	4012
1571	2091
1677	1806
3118	163
1372	994
1401	3847
285	2447
3300	3549
4433	1818
2097	3428
820	3973
100	4235
2570	3993
84	398
783	2403
4637	3982
799	90
2898	814
355	2053
2358	2235
2192	4334
834	191
2332	624
2379	4097
1145	4334
4467	4149
1421	1411
3447	3761
2536	943
2080	1691
4648	625
2426	1889
1278	4062
1403	1350
1750	989
1791	174
1996	2749
4376	1497
3853	1818
3147	1297
1099	98
3409	1497
1193	1411
4387	3319
360	2235
1931	3589
3443	4025
1684	1818
938	97
2886	4579
1049	1811
3666	1811
3685	3370
4206	2020
3804	174
437	2382
2500	2071
4457	847
4023	909
3049	324
2966	586
4179	797
2976	402
4131	4497
3876	918
1705	3788
1517	3555
2348	1432
750	207
2256	3963
1517	2672
2139	1806
656	1118
2876	2112
3952	3017
404	2323
4256	1811
819	621
1881	1143
7	2159
707	2382
254	943
3928	2382
2775	1131
3365	4225
3898	3836
507	3623
1406	2447
2074	2060
2765	1059
2944	2922
3336	3623
4353	2220
1385	2131
843	2979
1641	1806
1464	1432
1979	448
193	2541
2689	1165
3297	4408
46	1694
1015	2076
1805	728
2552	2156
200	4044
1971	2374
3589	1187
1791	3121
1219	3761
4414	1194
3969	2316
3280	1857
3021	4257
1817	2812
1218	2076
2338	2861
370	3993
3059	2382
749	1806
3053	1413
645	1811
1021	4544
3218	2306
767	476
3988	2159
3988	3973
3741	3027
1464	4339
3614	1674
2307	3681
1776	3492
2484	625
642	1194
2059	2654
2035	2453
733	1432
650	3341
2863	1811
250	354
2931	1691
1666	3240
2685	124
2941	476
1791	4468
4433	2533
2886	2918
4196	4468
245	1292
2172	3699
120	3242
4000	207
2511	207
3725	2979
4472	3699
2078	685
1791	2062
3534	4441
897	1818
1685	184
1367	2134
2993	3252
4466	4309
658	662
300	4012
4270	3048
4106	1085
1464	2918
2744	107
1311	3594
1776	3570
3575	297
3160	1413
747	4340
1863	1263
4453	3668
2450	1748
602	2020
1273	1818
2408	1721
1292	3018
685	847
152	1411
2412	3973
2074	2374
4162	2448
481	2918
2962	1610
1420	2976
1308	853
2236	1818
133	1085
4371	1432
1230	754
1525	1090
1472	4339
200	1374
1427	2398
3798	1831
133	1811
494	1852
1979	3123
1894	4573
3581	3331
2532	1965
4480	983
4445	1771
56	970
1037	2749
3516	184
2752	1583
3814	2173
3310	1806
1800	4320
893	1292
1705	2091
3122	2828
2872	2310
1791	381
1284	3263
377	594
1535	3973
1791	1222
2741	4033
1661	2750
1224	3993
273	1721
81	2382
3276	685
1448	1270
2602	3919
323	465
1134	2787
1520	899
4569	4410
1075	297
1207	3639
2305	1348
4364	4093
2460	3159
1472	4294
1443	2447
4453	3661
4523	4388
3958	2114
120	3699
3176	3838
1948	2107
3863	3549
2871	625
3635	3936
3314	3878
3062	601
2847	2781
1971	1721
2450	3583
3635	4339
1892	2907
3250	4377
2883	3123
3608	4097
4247	1270
173	2533
3899	2800
683	943
2559	4132
4314	3836
2649	625
4453	818
2294	685
2446	2519
2178	2178
180	1350
3747	2576
3534	3819
1768	2101
2702	1035
3814	124
716	178
4308	4468
173	3993
1545	4169
4234	625
4041	4294
3821	3110
369	2753
1954	4281
125	107
994	152
57	4190
2988	4051
3579	3672
3297	4496
3719	107
3807	4277
545	2107
1800	412
2318	906
1148	1784
2145	10
1424	4334
2460	3366
2065	3555
1570	4522
2898	964
2657	1285
218	695
1015	2401
1639	3110
2686	3568
419	474
4473	4093
3669	4097
4453	771
2049	1025
1044	2969
587	943
370	402
1599	645
3866	2678
2155	444
4221	399
1464	625
2188	1818
4268	3555
3465	3061
908	476
909	1627
4411	4044
2779	2131
4433	625
3102	359
2912	2091
2181	943
3384	943
2962	476
1249	2323
1127	128
2101	4187
1651	4187
46	2382
3375	3170
339	3555
2893	4647
4459	3529
4513	4235
1571	4309
4529	1721
3460	2979
1817	601
1168	98
1857	652
775	3242
4453	3416
1945	1411
704	1674
2981	2020
4078	476
1318	476
2992	4334
3730	4149
2725	1610
38	899
579	1194
4459	792
1815	1301
1772	1177
983	873
1887	4281
1143	1194
1651	1090
916	2828
3544	1346
3686	2800
176	2775
983	1131
1327	2812
1763	262
3969	2273
1153	1889
1782	2372
815	4468
3711	3594
2932	4258
1689	4173
4604	4644
1310	1367
4453	987
2896	1811
456	564
917	4189
1385	1319
3795	2800
3304	3118
3589	4252
3183	565
4477	4044
1429	1090
1604	2091
3912	288
1970	2060
3278	2549
39	259
4036	4242
2556	1691
2431	1502
2864	3973
3142	3686
3571	2067
2734	2549
113	2151
2267	2979
4453	2042
456	2087
4031	1589
1402	20
3872	1818
2295	4574
4068	3993
104	2952
361	337
4158	1980
2393	1797
3603	4228
1298	373
1470	943
1614	2500
1557	3121
1642	1800
869	4098
1406	124
3662	54
3967	599
1899	3982
3078	207
3598	1177
669	2460
3954	601
243	4335
2502	4168
1951	1640
4545	3119
4256	4149
2755	3388
151	2588
1049	4334
1325	4082
3858	476
102	4377
4311	2787
2127	1357
2754	2182
1093	3407
1569	233
4590	1432
270	3721
1970	218
16	625
1764	2306
3107	4082
1049	1091
861	4595
3541	1378
1568	4171
2744	373
909	28
293	2896
4025	4226
3826	2134
4141	1432
1653	3549
4408	3973
1820	2588
1358	377
3688	3594
3127	2493
1750	3413
1353	476
403	3027
1479	3325
2498	421
1859	2533
3188	746
3409	154
920	1315
96	4402
2059	107
170	2812
2035	207
4422	4339
3836	4288
2783	4150
3082	184
1156	4033
45	4169
3053	1090
2588	1165
2424	4143
105	625
4250	1145
1970	29
398	4428
1566	3606
688	1610
2931	2488
3499	2050
3148	2382
784	4033
942	2977
1448	2812
1045	2253
3762	3900
2168	402
4418	4647
3067	1177
1705	540
1333	1818
4538	1087
3034	1118
4324	2812
259	4457
586	2286
3533	2162
1703	1285
1363	4624
3998	3973
2934	3490
2349	2424
3647	943
4408	1806
3388	3549
947	1806
586	4055
3912	946
2653	4410
3692	1721
3437	1818
3740	2672
79	4375
217	2159
4355	380
3933	3495
1470	3973
2679	3498
1140	3671
3293	652
1521	485
2146	953
411	377
3733	107
2846	64
2638	2208
4145	995
3674	4334
4523	2753
687	476
360	4497
2548	2134
289	1407
4131	2846
831	2306
1725	1118
814	4309
64	3659
1207	2634
4280	515
1414	1694
24	943
2405	2208
3626	2828
1755	4339
2665	2078
4083	1721
2294	2069
1021	1708
4084	1502
4598	3901
2314	2091
212	2960
4037	2020
3358	1818
1002	207
1156	1431
3721	2569
2637	903
1049	1348
1784	3842
1800	1811
307	207
3971	2613
74	2091
155	2588
867	1392
3161	4334
206	1828
743	1610
3398	405
952	4457
2192	3936
3408	3606
2872	1970
2606	2500
250	4309
650	2352
957	1721
3037	1772
2317	4563
2872	3010
3954	4468
2675	334
2628	1059
437	2220
2344	2613
3590	4132
1690	1691
2120	3549
1126	2388
1791	2059
1102	3170
47	465
2985	1806
3946	608
3766	4450
836	3082
3439	2325
1411	2134
3460	191
2840	847
4640	3609
1321	4132
3737	1806
3771	4497
2781	3186
3803	2954
3257	1194
3352	334
3077	4351
901	3240
1304	2280
1557	1137
2379	4092
4280	1862
3215	984
3772	2549
3225	3059
4131	2488
90	3413
2276	926
4411	1374
1740	1818
2128	1449
3519	1691
2785	4035
1896	2588
3826	1263
2053	270
784	1431
1417	3111
1425	639
4527	1348
2661	3945
3913	2088
86	402
1333	3993
1663	4496
2746	359
197	382
3777	2576
2559	4228
2762	1818
2484	4033
1791	1024
2531	3953
3937	476
1422	832
2841	2979
3831	2519
4282	3973
3667	2447
1924	2549
2460	2159
958	2101
1408	1868
3921	943
736	2227
4037	476
1911	476
1362	81
1442	2585
445	207
2170	834
3365	792
2095	649
3492	2714
4131	3221
820	476
3455	3504
2746	2812
134	476
4611	4453
2211	1177
590	4033
4467	4334
1576	1721
2165	3544
3658	1818
1575	1771
3171	2323
2511	601
435	1101
1603	1432
1725	1909
3240	2714
1746	2076
2121	2866
4277	662
3947	3993
2121	2812
3715	2447
453	4468
393	1432
1002	3982
4477	215
1099	207
2314	3639
1820	4213
4603	4311
4496	3973
2040	3671
3082	174
4269	2447
382	1811
377	1988
709	3659
2854	3590
2868	207
1144	2794
746	2323
3672	1691
1542	3448
1099	601
3655	3993
3457	1491
3793	1818
2439	2588
2271	3668
4092	2701
2938	2672
1458	3652
1649	485
1607	1818
757	4579
4457	2840
2895	3362
2148	29
180	4388
1448	476
628	2101
2719	3659
212	2991
4249	2979
1921	785
1325	4033
4141	451
125	373
262	1118
775	476
4142	485
4094	1243
2072	3204
424	1627
969	4143
1791	858
2711	2866
2190	1610
2608	4012
70	1497
2462	471
603	625
3639	3936
858	4229
75	387
3750	3982
4177	3917
3067	4101
631	3993
364	1909
33	1348
3039	4402
1970	2965
1661	402
2711	3017
2949	1818
2094	2812
1829	2306
3550	2447
2945	4467
4453	3013
3645	886
1843	1955
234	2918
2012	4647
2092	2067
2069	1266
275	2561
4124	3381
3235	3982
1970	3611
2398	3271
3299	2885
4499	943
1404	1824
3875	2576
323	720
3310	943
2711	3936
1325	1431
2401	1796
730	625
3796	3387
919	207
1903	2134
1746	485
149	3170
1791	3242
3666	4334
1125	601
2833	1468
2452	2065
645	2352
3974	3442
3413	1824
2833	1499
2065	1806
1454	1806
272	81
4308	2020
835	1421
1797	4263
4513	2843
155	3059
595	1431
391	3836
341	625
4103	280
2735	3567
1424	3495
2502	3866
3960	1468
1461	943
4399	3435
3832	4012
1672	210
323	3695
4411	2610
1362	3247
709	4242
3927	174
2722	1796
2479	3555
4409	4497
4494	2903
384	3555
1313	2860
190	1910
783	233
2818	1432
1932	1177
1568	253
4172	1818
1791	3699
430	2812
4052	4258
995	1746
3830	3778
4154	2255
1367	270
2295	1432
2301	1049
357	1097
105	399
152	2588
3033	2050
3908	2531
1972	635
449	2954
4477	4383
2351	2794
999	1432
933	66
1697	599
3492	3594
3330	4067
1408	2374
3206	476
2824	3681
1592	2175
430	207
2109	2398
1775	4047
2303	645
1009	359
2077	175
1452	1909
3561	4315
2669	4334
1564	405
4138	943
218	2977
2291	3982
2872	2918
4410	4143
1426	1432
656	1909
643	2656
2799	2254
4025	2493
607	3695
517	2828
88	4547
1935	2991
2763	3659
2100	207
2503	1818
3730	376
3679	1420
2838	59
1592	2672
890	2071
3378	1432
1353	184
4516	3964
3040	3555
3196	2388
24	476
352	1134
1125	207
1536	3594
2474	1321
2211	128
2083	174
2996	3645
2823	943
4595	1177
1957	1879
4256	3689
4044	2398
2484	4082
3322	3993
4248	2812
459	2846
3945	2011
758	1407
1124	1118
596	4457
390	1177
3084	2306
2450	3721
2846	3674
4503	324
3962	3748
3872	3498
2959	2686
1073	402
4585	1006
2860	3897
4038	4012
2981	476
4005	493
2584	1350
365	3242
3612	2306
2065	280
1979	2278
1009	2828
4162	2573
712	601
3399	1292
486	4367
2629	1144
2351	4242
125	3170
349	471
736	3061
3117	359
1791	2898
689	4409
108	1468
1512	1988
4477	2640
2075	2654
149	2101
2261	174
2808	3331
2853	2785
2744	3170
4190	3109
1750	1551
4243	1177
2538	1297
2405	4441
3251	532
1015	1796
3550	2020
1791	1257
3297	2374
840	4579
1641	4339
4067	476
1911	207
709	2794
845	3947
1854	2922
3810	1118
2840	1013
2756	2686
4256	1074
1470	4377
1214	451
1684	476
749	476
2891	2306
3168	3555
3793	3993
1836	3982
4164	4126
3330	136
3148	2178
3376	1610
2962	3982
3827	2613
1868	1263
1404	3569
2981	2533
2553	645
3966	2588
2195	471
926	1691
1403	2227
3519	3594
3761	212
1854	1806
1397	2306
2424	2979
3635	3159
876	2255
124	4518
407	1991
3390	2460
3782	1721
2399	207
4423	594
4196	2533
545	3646
1498	4228
592	953
2486	4097
3867	4132
856	989
3294	1708
1911	3699
736	4101
4602	451
685	871
145	476
3573	334
384	2374
3136	4496
2546	3645
2977	4407
2445	4174
1400	3982
2075	3788
1896	599
606	4025
4453	4270
1791	2203
3067	3061
2345	2306
631	625
86	54
1616	3017
3574	1610
3129	2820
4503	3025
1974	1297
28	2096
2037	2067
4054	2343
3567	3613
4410	2979
865	1337
4576	1674
3534	3776
1451	2255
3022	2549
1150	853
339	207
3890	591
1048	652
1814	4233
4071	1006
456	215
1328	1497
323	1228
947	2173
2678	1721
1491	1670
750	4082
3715	2672
117	2071
1958	178
1060	2091
3960	4334
1717	4624
957	1811
1911	601
716	2182
3929	2686
1380	1285
901	2914
443	2717
1141	3061
3867	2753
1817	476
1214	2828
3280	1810
2515	1431
339	2812
924	2785
3378	1346
204	3594
3318	2049
653	2103
1253	476
1800	2914
4445	1118
202	3826
1414	47
541	2918
1791	2075
4467	167
3337	4033
1705	4228
3252	476
2597	2521
4510	2027
2701	2382
3297	1806
3786	4240
773	3498
1830	4025
484	323
4062	1811
4451	621
1800	786
1277	199
785	1476
2793	652
1077	3993
4208	4578
3737	899
1333	2922
2584	4101
4367	943
2305	946
3623	4334
3631	1806
3442	1640
3793	184
2214	2753
893	212
2678	3674
1265	624
711	2749
2778	4574
317	2846
3214	18
1263	738
4410	3159
2311	1432
2002	1432
2206	1718
2717	33
3171	2273
3267	1721
2722	1404
3365	2374
4372	1968
1791	1055
837	4163
2833	1407
1840	3646
1970	506
4280	2569
1055	3836
2722	3776
1926	1610
645	4149
3939	4173
233	2716
1444	1051
1760	856
2612	286
1191	2812
1403	1297
1682	1949
3301	3659
3687	2533
4028	1177
3455	3838
2192	2922
4459	2382
4324	124
1378	218
3988	476
103	4334
2122	987
3779	2447
1128	2654
865	3384
105	2447
2466	3005
3683	354
2742	4582
4632	2374
481	943
3487	3840
4162	4366
709	4636
715	943
1049	1988
3534	1558
16	2533
2412	2159
967	3407
4304	2134
3318	2374
3785	3466
1015	385
4152	3646
3912	3819
3132	1380
1223	191
24	485
1417	3005
3711	1051
616	3973
37	4242
3438	943
2037	3041
4453	4605
2883	3516
1904	4024
650	1074
3822	354
4295	1705
4411	3522
1221	1011
1342	1266
3687	124
2294	2050
1755	1431
2354	2952
1447	2717
3961	1137
4148	906
2155	3973
819	560
642	3594
4538	485
4221	1818
2825	943
4180	3269
1410	3881
2581	4097
370	2533
609	233
3782	1811
3499	4457
2051	601
2047	1385
2896	4334
3688	2564
4061	4281
4083	1811
115	441
1417	2316
1772	2588
4428	1691
3093	943
616	943
1513	3819
4595	2976
4298	1285
1871	373
354	3124
2188	1270
2949	3242
1510	899
1747	466
897	3993
3782	59
2678	1811
193	4035
4273	847
4459	1228
1291	3788
1148	4132
1409	3269
1791	223
