13349	13352
3251	13857
7378	13857
19759	19767
16825	16823
7464	7466
22303	13857
5335	8409
2357	6674
10644	10631
13859	3504
10634	10634
17259	9086
10625	10641
16808	16813
21154	21168
5332	5335
13864	13859
10634	10665
19052	13857
21855	9086
16825	16824
10634	10633
15864	15867
21156	21168
8409	9086
19759	19753
10656	10628
2355	6222
19052	9086
13352	3276
17396	3502
16825	16799
16808	16826
12855	9086
10658	10651
10631	10641
21855	13857
10644	10625
2357	6682
21163	21161
19759	19748
19759	19751
2355	6654
2355	6247
13352	3277
10657	10655
2355	6227
2357	6637
8970	8967
19754	19752
19752	19759
8401	13857
22303	22310
15867	3277
10656	10650
4615	4620
10635	10634
17396	20107
2355	6637
16824	16808
10656	10648
10626	10655
2357	6654
13352	3278
17259	13857
21162	21164
16874	13857
7470	7464
21156	21164
10656	10629
15867	3278
10634	10653
16808	10658
10644	10657
13859	6491
21168	21163
19759	19747
16808	16820
2355	6250
11871	9086
22310	9086
16808	16815
11871	13857
16808	16818
10656	10660
11984	11983
19759	10658
10656	10654
7464	7459
10656	10662
22303	22316
21164	21163
16825	16821
12855	3504
10632	10655
17396	16896
10644	10656
10653	10655
10656	10658
4620	4616
2357	6656
14037	13857
2357	6677
15867	3276
4620	4619
2355	6656
2802	4365
20526	20537
15193	2940
12062	20038
897	7587
839	12082
13970	5010
6760	6765
21970	21962
914	873
21961	6469
2821	6461
899	11758
12101	20556
15183	15173
2812	2804
876	12082
888	854
888	873
10462	15123
3700	6469
12082	12101
20531	20525
868	873
13970	5008
13093	13077
14257	14252
2828	6467
39	16993
916	6465
15173	15188
841	845
15193	6469
12100	12107
14970	6459
15187	6468
15173	2128
2814	16441
21955	13016
876	12101
3743	19059
21967	2932
3715	6468
2817	6762
13448	5019
12097	20555
3698	19063
848	6465
2803	7384
2822	2831
861	20535
12066	12107
21966	6465
21956	6465
6764	6465
3691	11452
3682	3629
12076	12101
10462	1154
3700	6470
876	6455
888	6461
879	873
2799	2809
899	840
13970	5011
21966	6455
2800	6458
2826	2827
10468	11068
3702	3974
897	12802
15688	15319
6305	12010
916	3627
840	8845
15191	15871
3686	21846
21956	12101
5007	6304
868	6459
3712	10734
888	6459
865	6468
12069	12053
12092	12107
7380	6455
3686	1464
12105	12081
856	863
866	6469
2822	6468
908	12802
2812	2839
20539	12052
12101	20541
13085	12076
3718	11447
12087	20529
838	12079
878	837
838	8845
20527	6468
12797	12803
14970	2138
870	11758
2826	6459
3573	16186
12080	12076
876	903
20551	20527
868	6458
12095	12102
3717	16063
12063	20051
4356	4359
20536	6455
21964	12901
15174	2128
3586	2041
12075	12101
20539	12072
21956	21964
14970	6465
12101	12107
3574	3579
2826	2834
863	12065
39	16932
20538	20528
4366	7353
12052	20064
863	6455
2822	2818
12090	12065
13086	15123
864	11744
3693	6465
2817	16000
3738	14313
2834	2810
14969	6461
12058	12065
2801	2837
14970	19001
2820	6455
6764	4924
3707	3723
13087	13091
914	6455
12078	6465
841	849
3715	6465
2822	9293
902	12070
912	12063
12104	10399
15191	6455
3693	3723
2822	2827
10463	11051
2826	9288
6757	6758
3691	6468
897	866
15191	11748
3691	11454
14970	6458
14970	2077
16859	16861
897	6469
837	873
3720	11453
857	899
12078	6468
14251	14250
3698	904
2800	2812
10462	11044
4360	6455
3700	6456
4366	7347
902	906
3584	20699
12072	12065
21967	6461
3586	3583
3725	7380
12061	12065
9537	9544
15190	6458
837	864
12067	12078
15173	15184
21957	21969
10461	16000
3691	11460
21966	6972
12101	12065
884	7588
16871	20180
21955	15871
21961	6461
3715	7588
2801	6764
20535	20544
897	11750
865	12102
3585	11759
15188	15196
4885	12802
20537	20543
2821	2828
870	6455
4888	7387
12066	20540
12068	12102
3691	15100
888	6469
21961	6454
12083	20096
6760	6770
10456	13474
866	6465
3724	15101
20536	20527
9541	9543
15179	15185
2824	14011
12061	20530
3720	4888
886	902
21955	12899
21955	21954
897	7588
2826	7347
12068	12052
916	3637
12097	12107
3711	3688
14254	3723
2822	6465
14257	15041
6764	6456
3695	3723
21955	11748
861	12065
13094	13091
12099	12093
21957	13016
6764	6470
9541	9539
12087	20065
3691	3712
2820	2825
16860	11216
839	2060
12064	12065
12074	20533
2822	11758
13449	5012
12794	12379
863	12107
879	12089
20535	20541
15174	6455
37	38
3691	6461
3702	3706
12098	12093
902	6468
2821	2834
21967	6458
20547	8845
3698	6465
20547	20531
3573	16182
868	11216
3720	3725
848	873
888	887
15173	6465
21971	2943
20552	20549
861	12107
2834	2804
12078	6455
21957	2073
861	20698
841	12802
20180	11957
4366	4359
12093	12101
866	873
20539	6470
12076	20039
14254	2073
4357	4364
12074	12107
899	6468
902	12065
2800	12010
856	912
912	6465
897	856
12100	19058
897	888
3691	14262
908	11750
2800	6468
12081	6455
3712	6465
2822	6455
3686	21850
3712	2071
902	12101
15169	6455
3715	11449
884	856
870	12802
4366	6455
840	8842
15179	6455
13094	6465
850	3627
2828	6468
3720	21971
912	873
916	873
2822	6461
897	6454
13086	3586
15187	6465
914	12089
2799	4363
897	887
3711	11455
4364	7350
13086	13091
897	6461
12087	12065
906	20547
16860	16863
914	6465
879	6461
3686	6455
15173	6955
6764	6469
3705	11451
13086	13094
856	848
3682	3723
16860	2041
12053	12089
902	6465
15684	16000
4366	7355
2824	6468
2824	6458
15179	15184
10461	10463
3715	6455
12064	12078
12081	6465
4885	6455
2802	6465
20524	20542
897	11758
848	12052
21955	19059
15684	6468
20533	20527
858	878
3729	11447
3720	11458
856	873
899	13
20541	20550
15196	15184
2802	7345
15191	15184
21966	21964
839	7590
20539	15679
3682	16063
14970	9539
3720	3736
2800	16000
13079	12102
837	6465
3715	11450
3745	3722
2800	6768
21956	6455
3720	15101
3711	14265
2800	12007
3586	10395
2808	7387
10460	10467
907	20698
916	6455
12061	20044
3586	3578
14970	2040
3729	3682
2821	2827
16860	11745
15191	13016
21957	11744
2826	6468
15690	15317
3691	15124
20538	20554
3715	3705
12079	12103
902	12057
12103	12078
3707	6955
20539	20528
20539	12083
897	873
12098	12107
3698	6455
876	12052
861	12093
12066	20069
3686	6465
876	873
868	3586
871	12076
6764	6757
3717	3723
21962	6465
6764	6759
865	6454
2800	2839
14969	6458
21957	21962
902	12093
20529	20527
16860	9449
2821	2831
13086	11745
15174	6465
2800	11762
2821	6459
856	916
2802	11755
3691	6458
2821	14011
879	6455
12083	12065
14969	16000
6757	6771
899	864
12100	19055
3691	3720
20539	12097
837	11758
4366	6469
3579	2042
2822	6458
3698	19056
21954	6465
838	6468
846	865
850	3637
2809	2804
20539	20542
903	871
13086	6468
2837	4356
14253	6460
863	7590
2824	6461
3720	15093
12095	12052
14251	14254
868	16000
21964	13018
5007	8552
20556	20548
12098	20547
4357	7344
3585	6465
4364	7352
15193	6454
15191	16000
6764	6455
21964	6465
3729	6458
866	11758
12090	12107
2802	6455
879	847
15174	2073
3573	3581
10462	11745
12068	12101
906	12065
3724	904
12085	12092
12058	20534
14970	9544
3691	11451
839	12102
15191	15183
876	12102
14970	9543
4885	7591
13094	6455
20531	20532
912	6455
21955	5547
15183	15190
12084	12087
841	869
10460	957
12083	12107
899	12802
21955	21969
856	6468
12073	12061
15174	12101
12061	12107
3741	3723
2800	2804
3704	19063
21954	21970
3709	7380
20539	12061
12081	15684
14968	6458
16869	9450
850	6465
3573	16184
12072	16000
16860	15121
10462	6468
4364	4359
846	6455
848	6455
10472	11107
865	12101
21961	2077
12091	12063
21957	9545
15690	15319
865	903
20552	20554
2821	14009
852	904
15688	15317
10461	11044
3745	14264
3686	21848
6305	12007
3704	3707
9537	9539
14970	6461
15188	2143
15193	2041
20539	20541
12101	3581
15196	11744
856	839
15173	6455
863	12102
868	6461
879	3582
15197	6455
12066	12065
21957	9540
3718	6461
856	6465
14970	6972
2826	7353
2824	2822
3743	3707
20552	20528
20539	12053
21961	16000
2821	2818
12097	12065
12089	12091
14254	14256
7345	12379
2799	7353
12104	3579
12063	902
4366	7346
6764	4923
2828	6459
879	12063
20538	20549
3720	14966
7341	7353
870	6465
16870	9455
20530	20527
12072	20551
865	12108
12063	11744
21962	13016
868	6468
2826	4366
3691	3744
14251	14256
3712	3723
3727	16596
15688	15318
2802	11758
876	7589
3743	6469
12052	3585
3743	19063
12101	20548
15171	6468
14966	7387
15171	15196
866	6454
879	6458
837	12802
3573	3576
4885	11746
15169	6972
6303	6305
15169	12944
15191	19059
3686	7381
2826	6455
14970	6464
20534	20527
12793	12379
12100	20539
2820	6459
15174	6955
21954	12944
21970	10370
15197	2073
2821	2802
4365	4360
13087	3582
21964	6455
15183	15171
876	12074
2826	2831
3727	6456
20555	20527
13087	6465
14969	11761
21957	9538
897	6458
3702	3721
3715	6459
863	20539
3704	19059
3707	2073
3685	2073
39	16955
13086	15121
12100	12104
4364	7348
3573	3580
3744	2073
2813	2813
2815	7379
839	7589
20539	6456
15197	6465
12802	12793
4360	6465
2833	7353
4357	4366
846	873
3573	3577
2800	16444
3711	6468
5007	8553
12092	20536
12100	20535
3693	2415
2817	11761
2809	2840
13094	11754
12100	20698
2821	16000
15179	6465
12063	6455
3570	3584
15191	1035
3698	3740
2826	2833
2824	16000
879	6465
848	7589
865	12105
878	6455
2826	2818
2826	6465
3743	19056
3718	3688
15177	13050
12064	12107
914	12057
3727	16595
14970	6455
2824	14009
3729	6468
3686	7383
20535	20526
3729	6461
10465	11076
848	12102
902	873
10466	11044
902	12096
14251	6460
15183	16000
15179	15188
908	838
856	7587
3693	2071
7380	6465
12089	12063
12090	12060
15179	12920
839	907
6764	6760
15171	19062
902	6455
15183	15184
2826	2825
20527	20537
15190	6461
4885	7588
888	6458
14253	14256
12062	12101
4885	6469
870	864
3693	10734
9537	9543
4366	7342
12063	6465
15191	11752
20538	20542
12092	20084
856	6455
15193	16000
2826	2799
13087	6455
15191	15177
12082	20038
2817	6461
12099	20525
7341	7355
856	846
15196	19061
12060	12081
3711	14267
902	12102
20552	20542
856	850
20539	12092
4366	7344
863	6465
846	7590
12053	16000
21955	21972
14968	11762
12087	12107
908	6465
3741	14319
12058	20055
12063	19059
4885	11750
902	12107
21967	16000
20535	6468
3573	16185
4357	4365
15183	15179
837	6455
21954	6455
3582	10396
13448	6459
841	6465
3711	11451
4885	6454
12074	12065
3698	6468
876	5562
21956	2126
15177	12102
20536	6459
870	873
12100	12065
12797	12798
3720	15175
6769	6759
15679	15685
3711	11461
863	861
2826	16000
20539	12074
15197	6955
13079	12052
21961	2940
15191	15169
2813	6459
850	873
3727	6470
14253	14254
20527	20543
3739	3715
3695	16030
12089	12057
4366	6465
21954	16000
20539	12087
863	7589
15690	15318
2800	6461
21962	6455
2822	6459
888	874
15179	13050
10461	10471
14968	6461
5007	6459
15169	14760
3693	6455
10462	10456
9537	9542
12100	12093
2822	11744
16859	9457
10464	11050
15173	2073
2802	11750
3720	14265
12058	12107
3718	6458
15177	15174
3579	13474
3684	21847
2799	4365
12098	12065
15193	15181
10462	10468
14968	16000
7385	7383
863	873
12072	12107
10466	10464
856	7588
21961	6458
21957	9534
2820	5608
9541	9544
20531	20538
2820	2813
902	20525
2817	6458
12106	12074
5007	16595
876	6465
850	6455
3745	11459
2822	11755
21966	21962
3718	6468
4885	6465
841	873
899	873
3691	3682
2826	2820
3684	3686
20536	15690
21956	21957
20539	20549
3706	6456
15169	6465
14257	12030
20539	20554
908	873
4364	4358
856	841
15175	2943
20553	20527
912	7589
15688	15326
3584	3574
3585	15197
2821	2825
3711	3693
12055	12083
841	908
3715	21847
856	876
12059	12072
888	6454
20541	6468
3712	6455
2820	2814
841	11750
3706	6470
879	11216
12077	12096
4885	19065
10466	10468
841	6455
902	12802
4366	3758
13970	6459
908	6455
12092	12065
3698	19057
15191	6465
3741	16063
15690	15326
12071	12097
15169	13016
2800	6459
4364	7343
12072	20054
838	8842
2821	6468
878	6465
13448	13447
12063	870
12097	20088
3585	6455
4357	7345
846	6465
20536	6465
868	897
12053	12058
15183	6468
865	6469
2802	4364
20536	20532
14970	9542
2821	6458
12797	12804
3692	11450
21966	21956
20547	8842
9541	9535
21954	21966
12104	3574
12083	20553
12078	15688
15169	13018
3701	3700
2826	4361
3712	2413
5007	6303
4358	4359
2822	2820
14251	14257
3585	3578
12063	12057
3711	11448
906	12107
12088	12081
15187	6455
2820	6465
6172	10496
16882	22438
12881	11726
6177	9586
22399	3629
13785	13773
22383	19075
9793	9803
15085	13071
9785	9804
19122	6470
20776	6458
22364	22398
10498	10494
19906	19907
20773	6467
3654	15880
9798	20769
13403	9198
15077	6454
13788	13781
3649	2359
15103	12147
17045	9563
13367	13366
12147	12139
9574	9546
9569	6459
9804	20774
6186	9570
19122	11725
9807	13374
9580	9554
6179	9569
22386	6468
15090	10172
14444	12138
12883	14762
6166	12150
13788	9552
4598	4601
9783	20778
9571	9568
20694	20697
1345	3634
9804	13373
13400	13379
13786	15881
12881	12876
19139	19124
4599	15771
4599	6458
19127	19126
22378	1352
21420	9569
16887	13767
13362	13398
15372	8845
19124	21082
15079	19133
20780	6467
20781	20767
6156	1343
11651	11725
4602	4603
20786	6459
20770	20772
20771	20796
9804	20779
6192	6183
22377	1346
15373	10491
20793	9561
15077	9579
6173	6152
13365	13408
12881	12875
22364	12140
19130	21083
15107	15094
19898	11726
1358	1359
9749	15764
19123	21871
4606	6469
207	15764
12158	12139
12883	10557
15371	9553
22391	9569
6165	6465
20793	9555
20787	6461
19898	15771
15086	22438
19907	9585
15373	9549
15373	11726
9790	20767
15087	19126
6192	11724
13871	13868
6186	6192
1346	1349
6189	9549
9804	13368
22387	22385
13378	13401
4299	9553
9576	9583
13402	13361
207	15767
12882	12883
16888	16879
22374	1340
19898	12149
9807	13405
1854	1848
13788	9569
20780	20784
19136	19130
9797	9778
20767	6470
13370	13376
17039	9563
15076	15085
19908	19906
19906	6460
12883	10491
6190	9552
19907	13766
12880	12870
13401	9568
22352	22356
2032	15771
14438	14442
16887	6460
9783	20774
1854	9546
19140	12149
20767	20783
4606	15771
15077	11716
6158	6164
16885	15771
1352	1349
10498	3629
20794	6460
9579	9567
19130	205
19901	6469
9765	20781
6179	11720
15373	6459
13400	9575
21417	2028
19907	13781
15096	22438
9806	9791
15078	22429
9804	9813
11665	12137
6180	12156
22361	1346
11651	9549
19130	9775
4608	3630
15085	13766
9804	13381
13777	13782
9807	15880
20786	20781
6179	9586
6172	6159
12883	14761
12138	12155
13075	6467
22396	22398
22383	13362
17038	17045
22371	22380
6159	12138
12886	21137
13775	9575
205	15767
16884	6460
6179	9573
12883	12157
6164	6166
6177	6179
19130	21866
15077	18241
20783	6455
14446	14447
22375	22370
22391	9576
9807	13369
12870	21133
4601	1344
2029	15768
12883	6468
21417	11723
9760	9770
22383	22369
12883	6465
13773	13378
15088	6468
19901	22440
13400	13377
6179	12157
16879	19899
12882	12886
6159	1348
9569	9558
15074	15076
6165	6455
13400	9558
9576	9578
14769	14778
12147	22433
13765	13788
20783	6465
9556	9552
3659	14003
22381	19075
19899	12150
1343	13364
9804	13386
9559	9568
13067	13073
6165	11725
11671	11725
6152	13772
15085	15102
12881	12157
4608	12138
9781	13401
6172	12157
22386	22398
11674	12138
6152	6468
1848	6458
9790	10491
4298	9570
9577	9583
1853	1848
12883	11726
22387	9570
6156	1348
1853	12157
19142	19134
22383	1346
1357	1355
20772	1344
21417	9586
19122	6456
6156	6458
20768	13364
9560	9581
13075	13072
13071	13070
9791	1346
4295	9563
19130	8374
13400	13363
4599	1343
12157	12139
13366	15765
22387	22398
20767	6456
22374	22372
16885	12149
9749	15767
6156	6461
13400	13381
19130	21860
1355	1356
11651	11656
13773	9568
19130	21086
20778	13385
15103	15096
22398	1346
20768	1343
15374	8840
21420	12157
6166	1343
15085	15769
20778	13368
6175	6170
16887	13772
9588	9578
22396	22383
1853	13770
13779	13781
15085	13764
20697	20696
9555	9561
15374	8842
20779	2423
9804	20777
9804	15880
22387	15769
13400	9552
13069	13068
21417	12149
9804	13374
6165	12149
20768	1348
13788	9570
20693	20697
15096	15093
22375	22348
22387	11726
16885	11725
1358	1348
22386	3629
1848	6461
19069	19074
1854	12149
6177	11725
9807	13401
12883	11724
12883	10559
13385	13401
19124	21866
19142	19133
22391	13401
6180	6182
3649	4627
15096	10488
6189	9552
6152	9585
19131	12137
16882	12147
1854	13770
12883	2031
15103	15104
22398	22370
19907	13768
15085	13075
13773	9586
14766	15091
14444	14446
13788	13767
11651	9576
20780	6460
15085	13772
15077	15937
22383	2031
9804	13361
20768	15771
1348	13362
9556	9570
11671	11716
13770	13404
16887	12157
6190	11726
13401	13404
4297	9586
13786	13789
6159	6458
20770	20786
6152	3638
16879	16887
22383	22385
6188	11719
22386	22375
19129	21866
15074	6468
4606	11716
22352	12157
9804	13369
20793	9585
15109	19129
11651	12157
6186	11726
20770	6460
21420	11723
12887	12148
6177	11726
13788	9575
21417	15754
15077	14829
19130	3589
6164	6170
16885	6465
21420	15881
9582	9581
13403	9197
15085	2031
15095	13834
15085	13781
16885	11726
19070	19074
11671	12149
15088	15095
15074	13871
13779	9570
9782	9764
22386	22361
19141	9200
6180	6464
9807	13406
13367	13360
22386	12138
6180	6178
11667	11654
6155	6173
17047	9588
13396	13376
20769	13375
22399	22431
19130	21084
22374	12143
11671	11723
19130	21085
4727	9557
22368	12140
1343	13395
20788	6458
22396	6468
12137	12155
22354	22380
19067	19066
6186	9549
15373	15372
6159	6173
13775	13767
9765	13361
15077	6460
9574	9583
20772	13401
12140	12139
11654	11668
22386	1348
6192	6188
19903	12158
11656	11660
22365	1346
22370	1349
13075	6465
21417	6469
20783	1358
22391	9562
6190	9570
9561	9558
9585	9564
12870	15091
19130	19125
12143	22434
13071	9563
16887	9585
6152	15771
9755	10171
15085	13767
22391	2030
9783	6468
3649	2358
6154	6170
15086	10492
22349	12148
22381	19068
13775	13768
11671	11676
20787	20770
22387	11716
22394	22398
4604	4601
16888	12156
19132	19126
13369	13401
6166	1352
4599	12137
6179	11726
12884	6469
3654	13868
22369	1340
15096	15102
15371	6468
15101	12148
21417	2030
21419	21421
15108	12143
1352	13362
9548	8845
9757	20565
19902	12159
13389	13383
20959	15768
19909	12140
6185	9552
15371	15374
15085	17419
13773	9570
9804	6468
15077	11726
11667	11673
13769	13764
1343	13362
22387	15754
20784	20783
19130	11451
11651	22423
13392	13408
12885	12874
13785	13770
1343	1347
15085	22423
13788	13071
9804	13379
13392	13383
22383	22398
3648	3646
9807	9751
22364	22368
9566	9556
15077	2031
22373	22391
15371	9586
9796	9777
6188	6183
16888	16880
1344	1357
6170	1344
9781	13369
19142	19129
15077	11725
20773	20771
9554	9546
19140	11716
4727	9563
6155	6170
13379	13401
15372	8842
4727	9550
16887	13766
21420	9562
13775	13781
1343	13385
9802	10172
22383	22354
20768	6455
13371	9202
1343	1342
9560	9578
13788	13766
4608	15771
4605	4601
15373	9586
6155	1343
6179	9576
22361	22348
6176	15771
6166	6173
12883	9586
21420	11725
9757	20567
3654	3643
14440	14443
15374	8847
6189	11726
13775	9552
6152	13781
19141	12138
22365	1349
6159	6461
21420	11720
22396	1343
6152	13766
22374	22398
15085	9569
9566	13775
6158	12156
13775	9547
12881	10492
19134	21086
16887	13768
208	15767
15078	22438
6192	12149
15107	15107
9790	10492
9548	8842
13400	15768
22394	22383
14439	14446
13774	9552
9580	9546
22364	12147
19074	19071
12156	12139
6155	1352
6188	9563
22380	13392
17044	9566
22394	22348
12149	12155
15106	19128
20784	20768
12881	11725
3657	15771
15373	22423
12880	12147
3649	4626
20784	9558
9584	9561
17050	9555
19130	10491
12883	6467
6152	13768
3664	11460
206	13386
19895	19907
12150	22439
20793	6456
13394	13378
6159	15771
12881	12879
6188	9570
12157	22423
9569	9578
4727	9578
19135	3592
19140	3629
12887	12884
11651	11726
19898	12138
9772	9756
20780	6465
20768	6456
13075	6461
9761	9791
4606	6454
22399	1346
19908	19896
15077	11724
22358	22380
13779	9585
9784	9758
20768	13392
16884	16879
12875	21145
20793	6467
6165	9553
6165	15771
17049	9555
14444	14442
6155	12137
6161	12140
13401	9583
20767	13391
9798	13373
13396	13367
22351	22396
21417	21414
9804	20782
9766	1352
6175	1352
20779	20772
21419	6458
22369	22373
15085	10492
19132	21862
6192	6189
6156	12137
21417	9570
15373	9553
19130	21861
15085	9548
19898	9586
19140	6456
22394	22361
9807	13361
9556	9561
20780	20771
20787	20794
15077	6470
19137	3539
19896	22440
3649	11449
20793	6470
9753	9801
19898	12137
4604	1352
13773	9583
14772	10556
13362	15771
6188	9569
9804	13406
22386	22383
15096	12154
6188	11726
21417	11724
15108	15099
6154	1346
9805	9773
19898	11716
6165	11726
19901	12147
20697	20695
6189	9586
15082	19125
3649	11457
9807	13363
13382	9196
19131	9197
15092	19134
4605	1346
6190	9586
4726	9550
22369	15880
16887	13781
12143	12139
13380	13394
9807	13386
19122	2031
19907	19909
20773	20781
6165	9586
6162	6170
13788	13075
4601	12140
19907	13772
12883	10558
6172	10494
15371	9549
22380	9570
11671	11667
15077	6468
19138	21867
14445	12143
13075	6469
15077	6456
22367	22380
6166	1348
9746	9776
12881	9586
13365	13400
13396	13366
19124	10491
13775	13766
12881	11723
20783	6468
6166	12138
15077	18240
22385	22380
15085	10491
3662	15771
6159	3638
22383	15760
15077	9553
203	13408
9804	13363
9750	9768
4599	6461
6152	9574
20786	20788
19122	3587
13383	13400
13774	13764
4599	4601
11671	11726
9588	6459
14438	14446
4602	15764
13775	13365
15077	15074
1343	13384
6152	3637
15093	15072
4599	3630
9574	13770
19140	2031
13788	13392
22380	2028
9556	13071
15371	9569
22383	15749
22394	15760
15373	9569
12149	22428
9588	9558
13777	13764
20768	6465
12150	12139
22396	3629
20768	6470
9804	20791
20794	20778
204	13402
21417	2031
3644	3657
15086	22426
1343	13373
4607	12140
4608	1348
3654	11449
4598	1349
3649	6468
22387	6468
15101	19137
21419	12156
20772	20776
6156	6469
22374	22346
1358	1342
22370	1346
15096	15078
22373	9563
6156	6173
9780	9811
21420	11724
6189	9570
19075	19069
17044	9555
19122	11724
13396	13370
19124	21086
13401	13375
13765	13785
22380	9552
20788	6461
12878	12143
21417	11726
20772	13385
12159	12139
13777	13784
20784	6459
19123	19126
9561	9552
15103	15086
19899	19068
11671	9549
15077	9570
15077	9586
13781	13786
19907	12157
11674	11667
19908	22439
19137	9794
15085	14827
13382	9197
20778	20781
19135	12156
17049	9569
19907	13767
9765	6468
13362	13360
19130	9809
20778	13401
22387	22371
19127	21870
3649	3659
13400	13373
19898	19902
12887	21152
9572	9578
3658	3647
11656	11668
17048	9561
6164	6460
20776	6461
4606	3630
13371	9197
15075	10171
9804	20786
6186	12149
19075	19070
15371	22428
15371	11726
22383	22348
15107	22438
11651	10493
6159	1341
9567	20699
19124	3591
19898	9553
20771	20795
19075	19067
6186	9586
12883	12876
19140	6470
19122	21868
4606	12149
21417	11725
19142	19137
19908	12143
21417	15768
19069	3635
19140	11724
14766	2430
9787	9774
19130	10492
4602	15767
9795	9752
22361	19075
3646	11455
12159	22422
9749	9781
20773	6460
6152	3627
22383	15880
19070	3627
6186	9551
15085	6470
22369	15749
6159	6170
9559	9578
6177	12157
19900	12148
1853	9546
9804	9747
1358	1349
1343	1355
1343	13361
19067	3637
22348	22368
6180	6468
12884	12153
9556	13075
19122	21862
22394	6468
22376	6152
13362	13372
22393	1349
21419	6461
12885	21133
22396	22368
20771	15091
12140	22431
6156	1352
22369	2031
22394	12156
22387	12149
6179	9570
9765	13401
19130	21088
6166	12137
9587	9579
16882	15091
19124	21859
15101	15078
6170	12140
19137	12148
13770	9586
15095	12156
9807	13381
19137	19286
9574	13773
22390	22380
15085	13069
19130	21087
6177	9560
20784	20793
14766	17859
22348	12140
13386	13405
19130	19287
11671	9570
9781	6468
15077	3629
11671	9586
6152	13767
3649	3651
6164	6156
16889	12143
12158	22432
3649	3660
4296	9572
17040	9586
13788	13768
6162	1349
14439	12147
20767	13394
13787	13781
16879	6164
22396	12137
17047	9555
13402	13386
13393	13398
6172	10493
12883	10564
13775	9570
9790	9574
20793	9566
6188	9586
6179	9560
6192	6195
13769	15771
4608	4601
22399	15769
12156	22436
13361	13401
22369	1346
9807	13379
19138	19126
4727	9562
15085	13768
19122	15769
9556	9547
15104	15091
19071	19066
20787	6458
9763	13396
10489	10495
6156	12138
1341	1352
9554	9583
15078	22437
9804	13405
14446	15753
17045	6469
13870	13869
22364	22383
6156	12150
9754	9813
13400	13374
9807	9808
16885	9586
6192	11723
21420	11726
19895	6460
12878	12885
13866	15768
13777	13783
16885	9553
11671	9552
9781	20781
14438	12137
15104	15098
16885	6455
21419	6460
9759	1349
15085	6456
3654	3660
1286	3566
1550	1560
1016	1276
9446	13016
1286	1112
10923	6659
698	11647
7312	6459
9446	15871
13000	12891
2236	12912
3761	18475
2293	6216
9456	9441
9395	6461
7310	9338
3769	2411
21649	16272
7322	7315
13577	13574
19015	6469
17831	17826
1235	6461
21036	3994
21649	17746
16675	18451
1556	2165
1040	6461
1217	16000
10909	8829
2446	20626
1293	8638
19010	7659
2492	9156
1535	2165
955	20114
17834	17825
17851	2489
17720	11525
17823	12930
742	16000
21951	6460
12934	2283
15144	17372
13013	13032
12936	12936
6579	6575
3762	12993
807	2128
3769	14147
3775	5591
2745	2746
9447	2943
986	20158
21649	16266
13050	12934
7296	14346
986	1124
17827	17826
19025	11740
7661	7654
6579	6468
21666	4529
651	648
2496	16000
7657	7625
21649	4114
14282	19949
3773	18466
11095	1090
13001	6684
7607	7607
9391	9413
16679	5512
3762	3770
3763	11216
18333	4521
7305	6455
16679	12961
5801	18468
818	823
3763	12945
9455	4045
7654	7649
18329	4521
1076	16000
7313	7297
11252	21734
5697	5708
9454	6455
19878	19867
19606	6461
21666	5567
2236	2291
5408	6999
1041	1159
1119	2073
19623	19650
743	13007
10923	6637
1154	1334
5817	5842
19880	17834
11258	16241
22458	22464
5731	5738
3769	18466
765	16000
1209	13190
21649	4525
161	175
16673	5567
771	12907
21948	17306
6308	6638
21666	20850
11062	11074
3771	12939
12934	12908
1287	1009
2542	3994
18460	2237
3763	18475
5960	4522
18325	1239
11958	5591
1554	2165
365	6468
2740	9624
5417	18456
790	13012
13558	15005
7299	6459
13574	2140
7311	6455
19609	14313
19873	17825
18007	16000
12916	13027
11086	1231
957	1213
21951	11792
13018	16000
12987	13016
13574	5265
2305	2277
18010	16000
9446	11638
18330	18329
2299	2295
11044	11216
1217	7625
3769	12998
2303	16669
1529	11044
21943	16668
772	16000
12903	8008
810	13031
9448	4041
9415	6455
15144	13811
1014	13840
11715	3985
4039	9445
5725	13032
2255	2143
2316	18459
18672	15717
3762	12896
11578	2413
3773	12931
21946	5512
12981	13001
13571	15225
2292	18480
9450	6455
12931	19526
2271	18471
9427	15369
698	10726
1515	11065
1029	1276
3762	3766
11051	16000
781	781
7320	3494
1060	1141
5816	18452
5417	14167
15144	13816
1520	1560
2315	2291
2280	2310
8922	20801
2636	2632
21638	4534
2315	2315
723	2165
779	12952
2305	18451
752	723
10251	13039
1295	1037
16750	16764
17821	16000
12977	5567
9448	12964
9364	1157
6196	12908
13009	5567
6580	12899
9446	20132
15144	13828
810	6460
15144	13801
9446	10732
7657	7611
15144	10723
665	651
7642	12809
17821	17844
11075	1160
9379	2042
808	817
21649	14213
819	16000
14954	15706
1302	1290
21390	3400
19872	19867
3768	6654
21666	11649
9440	6455
2305	18465
3762	20133
21666	15204
8922	2077
18453	18468
8897	8939
2611	2612
12923	13003
748	16000
21649	10802
2295	16000
3762	18484
8897	1900
13040	14033
12893	13002
1334	8938
9356	9438
1302	1628
1060	1217
21948	13029
9446	10726
2292	16640
11057	11080
7610	13478
11262	8836
3773	17850
12893	5567
12903	21719
8936	16145
21945	2143
12914	13016
5830	5842
1118	18334
10923	6638
21666	5462
21649	170
14282	405
3762	14153
21649	4113
1060	7659
12934	12921
21946	5567
9446	2250
1542	11045
2492	16000
7320	16273
14215	16130
7320	6455
21649	20855
3769	14167
5409	6260
3761	6465
10927	10919
589	11022
19878	2077
9453	2040
1511	2165
698	11638
1110	16000
7316	7311
13046	14138
13040	12891
13590	13003
1533	11216
18322	4524
3762	13016
16680	2268
21945	6219
810	5256
364	17795
7290	11207
11256	21739
4033	12965
11074	17202
7322	8903
16675	13016
14629	17374
7618	12808
9438	11216
9379	9437
16680	2238
13027	6468
13590	6455
9456	2135
11056	1090
1293	4316
8481	5474
7299	8942
18009	6230
589	6455
21649	9878
5827	2307
11104	6461
14219	520
3762	17838
1101	1672
19878	5551
828	2526
17843	6468
16675	6460
3765	810
18330	18331
21649	16254
14215	177
5723	5716
10923	6627
1578	18003
5838	2249
13009	1770
1558	2165
13032	14155
13574	10718
3765	12931
3770	6239
13576	10985
9450	4039
18009	6678
21666	5477
6575	18451
2290	5406
9402	16016
834	2616
14947	5249
2440	10515
13023	14141
8480	15716
3762	11794
759	12968
19606	6460
15144	15140
19944	1768
12914	5617
21943	14155
1297	1105
13563	2943
711	16000
6572	2943
4307	17389
783	16000
1193	2073
16675	13186
21945	13012
9448	4042
7642	12812
9427	9364
1154	621
7316	7305
3765	13037
13009	11253
754	754
754	13008
3775	15227
3762	17841
14219	165
13571	14211
3765	18475
721	12906
13009	19117
3769	18455
13584	13591
13576	2071
5821	18460
18472	5819
3762	17791
12901	20133
18011	16000
16673	2046
4914	17362
12999	16427
2239	16000
17678	4124
9448	12932
2236	3488
2236	3501
9391	20155
3763	17825
13024	1579
11077	1316
7316	13966
810	2409
11047	2448
12934	5558
18330	2077
6197	2414
3767	6637
7316	7312
7299	117
1041	2073
11057	16000
3771	13011
18471	18478
1510	11062
15144	13806
5410	5422
776	16000
822	6465
21649	20844
11095	11055
4033	2411
7321	18506
12987	12900
1154	1302
1504	2165
834	817
7608	12812
1560	1541
7320	16272
2265	2237
13013	17846
767	16000
5803	16000
704	1090
831	11216
9438	9413
698	11640
667	17361
732	16000
13571	15233
659	680
3762	13011
12959	11792
7311	7297
2648	5417
8947	6455
21943	17307
2438	2435
4034	11785
2301	6260
21649	13193
17821	1703
8481	652
11211	15877
13574	10732
2312	18476
21649	4116
7303	7323
21946	6460
21943	16648
3777	12894
4046	807
5723	5717
3766	20133
9380	7624
16679	13474
16678	5514
1320	41
5825	2305
797	16000
1297	1127
19876	5474
1154	1067
15439	2077
11214	11209
18334	4517
21649	4129
7618	6468
9356	20155
13549	14313
6308	6637
13001	17794
1126	1277
741	16000
1041	16000
7618	12813
21649	4124
3773	18475
12931	17998
3765	12922
11617	7659
2608	2612
17717	13810
21666	5611
6580	12995
19003	19004
12997	12993
698	20132
15144	13833
6579	13019
12891	12891
1154	1292
5725	12896
1586	2165
17997	6228
5807	2309
19878	12246
1226	13192
6580	14282
762	13053
11198	15872
18326	18325
1105	6455
12903	13052
12909	12934
21649	11712
2295	18465
11085	11079
11079	946
13027	11216
19955	13823
1228	11044
3776	6247
12916	14143
2258	10730
5837	16000
7310	7301
5697	21591
822	13031
13571	15224
7650	15871
677	6972
21948	13032
18453	2237
17821	17840
11958	6955
1047	15721
1334	8919
12952	10512
13574	9454
3761	14167
22455	18012
18476	2237
3769	12922
19870	19865
4310	20160
3762	14158
810	20169
1287	1193
3768	6679
14282	19953
11057	11082
738	12942
18008	6227
1505	2165
6580	2046
17821	15121
774	12943
11109	13056
17998	6219
2290	16000
7305	6459
2640	2639
740	13029
15144	17367
3777	12931
2272	2237
19025	6458
1581	18016
822	823
3769	17823
1041	1193
6308	6627
13574	9444
2271	5471
18457	2237
18327	5567
12457	2252
18470	2237
18472	5408
13577	12951
13588	13579
19874	19874
2498	405
16758	6455
12934	2252
13012	14147
5831	2285
18462	18478
21669	17737
22464	18010
703	1090
4307	4310
5417	14139
1556	1560
2305	16000
13574	6465
1524	11049
21678	6469
11057	6235
21649	17732
9438	20160
3766	12910
13527	10835
1298	11097
13529	14319
9446	9444
9414	13919
1135	1684
11958	2743
1154	1099
11261	21738
16679	6468
5700	5254
6197	2411
14219	14215
7305	11712
823	13032
11102	5952
2498	2488
9418	21426
21649	167
14280	13844
2301	6235
3769	12894
7320	16266
7316	8911
810	2614
3761	16000
19874	2056
6580	13018
1520	11071
9446	6465
16680	2243
2315	2237
9415	6470
1154	1236
8897	6460
7299	8909
1545	1560
5422	6242
3761	18459
6580	13015
11254	13429
21943	2121
14939	14957
16758	17371
5833	2165
6580	19948
14949	15717
19626	11216
3762	11795
2298	2255
21669	17753
966	988
21666	8932
2259	18465
10251	2149
1126	2077
19955	16025
1041	1009
18330	6462
18460	18460
12987	12951
19635	16029
19000	19652
7299	7321
11088	6468
13032	11783
1302	16000
15144	17387
21948	13004
957	12812
1286	11216
2646	2632
3762	13442
18471	18471
2498	6460
796	16000
5725	5718
19948	1768
2647	2630
18445	18445
4034	2285
18333	20570
19608	3505
11095	20685
966	180
13576	2407
11204	15877
828	13474
8480	17387
6579	9352
19877	12231
18009	6232
11079	1060
21649	21646
3762	5613
1172	1229
14282	14283
2498	6465
13571	6465
731	16000
21669	17760
3763	6468
10923	14173
18326	4521
13009	12936
12903	21715
3762	12910
19873	6469
3775	6465
8500	9383
10923	6467
9351	6583
3769	12948
18476	18476
1549	1512
11079	20628
21943	11792
16750	16769
2656	2639
6579	5572
21666	9878
14948	5256
13571	16670
6580	6540
12981	6465
3765	14142
1517	11067
11071	5567
13009	11252
2258	8003
7310	9341
3763	16000
13574	10713
9418	5486
1523	2165
2283	16669
16673	14691
8480	17367
7322	13474
1016	20688
11068	1549
2439	20631
3778	6656
13009	5578
8480	8479
19876	6465
9391	16020
18472	2637
17805	16000
21948	17297
831	20166
820	12996
3776	6656
10917	10926
19870	19867
2259	18484
2301	6240
7322	9341
21649	14216
19878	12207
12987	13035
11214	11199
11086	11056
7311	6465
1520	11050
5832	2165
14281	14277
7322	6455
7316	9338
2490	2488
7311	6459
375	6461
18333	18328
579	15709
14002	6242
10923	16670
18335	18327
1100	20123
2642	2632
19466	5417
12952	12957
786	16000
17671	4116
2269	18471
2492	6465
5725	21591
581	15707
13538	15001
9418	11216
21666	20859
698	5589
589	6465
5420	6626
1551	11078
21943	17303
12930	1579
2236	3504
1044	8924
13574	10724
19869	5474
9391	1768
21666	11648
3765	6468
7313	1904
6575	2308
7655	2065
982	16000
16673	6468
718	16000
11578	7623
13571	13050
21666	8927
9438	15379
698	21917
1293	6455
19944	17032
18334	18326
18014	6228
6579	6461
3767	13044
12912	14153
7605	6468
1545	11109
2636	2641
7322	7301
11093	978
9441	9440
17848	17826
3765	12998
19948	19944
1154	1150
816	1770
19872	19881
7665	7651
12903	8010
9418	6467
14219	513
17997	14157
12923	16428
13036	11783
18333	6468
2250	18465
1554	1560
12926	12946
1226	13190
4034	12900
8932	6460
5723	5711
18669	1561
21948	12911
17796	17826
19873	20806
21771	11216
651	13799
1126	11576
1126	1112
8481	646
1511	11083
727	12893
7657	7620
818	16000
1585	18019
957	1029
2304	5406
3765	12991
21666	5501
5806	2261
3763	18472
821	13474
19604	19633
972	8909
749	13004
7619	2077
8481	8479
2310	13016
3765	12899
18333	20568
1511	1560
1221	6461
1038	20161
16673	2295
781	12936
828	11216
1010	16000
15437	13963
13587	13579
1040	6468
1103	1126
13574	13020
3763	12451
7305	6469
16679	13025
16750	16736
6580	5572
17832	17826
13574	13050
14955	15707
12986	12986
2316	2249
1543	1560
16679	2411
8897	8911
13587	15227
13009	15945
2490	405
2239	5428
2438	5582
2654	2632
738	2165
17839	16000
18014	16000
21951	13050
14205	167
1121	167
3765	2278
9380	16000
6308	6659
7316	8928
2283	11792
13574	12901
4033	15875
7299	8899
17682	4130
768	13020
4034	2265
21945	12920
1245	13186
18333	5495
21666	20646
13009	12965
794	794
1540	2165
21951	16000
5825	16000
5741	3994
9438	20573
13574	6455
13850	14590
8480	15706
7310	7303
21649	4136
2498	6467
2301	6247
8933	16038
13571	14213
1036	20156
21690	10804
14215	14222
14954	15713
9446	13032
3778	6228
9402	6572
3763	18455
14219	178
722	16000
1118	6465
748	12893
19877	6465
12920	14158
8906	8946
818	12896
15439	1706
21666	11650
8936	11713
2271	2277
3762	12983
14629	17367
5417	5420
9399	9437
811	818
1154	1214
1154	12256
13192	13061
3777	18472
11057	11786
3762	12894
9399	7635
5802	5842
11958	2128
13009	21429
7657	12808
17720	17721
11109	2453
1010	3560
7655	2064
7300	6459
12926	16000
695	21917
6865	6862
18470	18470
8943	6460
12996	11783
4537	9634
15144	17370
1547	1560
12899	14157
21945	12906
21690	10803
3773	14167
10923	10906
16680	5554
818	13018
19606	6468
667	17374
18008	6219
3769	12933
12903	10719
21945	5254
11044	15992
21666	5516
13582	14157
2655	5405
21666	20844
3765	2296
2492	6461
21943	13031
13013	13063
13049	11783
9455	6455
1223	10860
21666	20132
13571	15871
1534	11081
2499	16000
21649	17737
21943	14157
17823	12955
21649	4524
6580	16000
2271	2242
1550	2165
11071	11216
11054	11051
831	6460
14282	11216
8925	16045
1185	972
17141	13822
16777	12471
738	16000
7303	7302
13027	5567
16256	15753
8483	8483
17844	16000
3765	2238
810	16675
15444	15438
6197	2305
745	16000
7642	16000
21771	6468
4036	16595
12981	6467
12998	13016
12456	2243
7305	12016
12963	14158
21666	17737
5830	2259
11258	16244
8912	8946
957	12809
18014	6239
11095	11082
1545	2165
13564	16000
9440	6465
2642	2658
1527	11103
10923	10928
3773	6460
775	16000
2246	18465
810	20165
21623	21656
5697	5699
1051	1171
9391	11216
21649	16270
21951	13035
21649	10804
648	683
1532	11104
13574	12921
1041	11216
17821	15123
21666	11639
12912	11783
16673	6459
21666	20634
365	14317
7305	7297
1041	1321
5803	2255
5800	2292
21649	21695
19876	5455
722	13032
5957	4522
3762	18451
15144	13815
3762	17855
6198	2943
10923	11764
1557	11077
1154	7421
818	12996
15437	15442
16680	6460
11204	22320
18471	18465
21649	10801
1298	6468
761	13008
1555	1560
13967	13964
10917	10927
7322	12010
18478	18461
6580	19946
1154	7314
1520	2165
11211	6468
19015	6198
773	12947
13009	21425
7322	6818
9446	13022
783	13043
15439	15001
13008	14173
2490	11216
8943	14313
785	12987
584	15717
21943	14147
5700	5725
815	817
13027	16000
791	12926
7612	7636
7296	7297
21666	20630
5700	5697
7623	15121
1296	1014
1053	9410
5420	18464
19955	18324
2490	16000
16673	13016
726	16000
21945	6465
12931	10515
3769	13025
19865	5474
1099	14014
1298	1300
3775	13016
17813	17826
19008	18999
1280	20126
7655	2042
9391	15376
18461	18460
1296	1197
5845	5842
1550	11102
1154	1185
18445	5405
6308	3554
21948	12896
15144	15143
1199	8907
666	668
21649	11906
4537	4537
21946	20119
21649	21911
21948	17291
16742	16775
1066	2410
2280	2293
1150	2073
3776	6627
21946	5250
823	6466
780	13040
5807	16000
3769	3762
2295	5434
1154	11033
13001	6637
13571	5474
7305	11714
749	16000
3769	2281
13527	13546
17719	13807
16674	13002
21943	12937
12901	2283
7610	12813
7638	2050
1121	14220
21666	10797
1041	1327
13584	5457
778	13028
21666	5453
21649	5742
3775	13048
3767	6682
18333	8638
17809	16000
21666	17738
5812	5842
3766	13002
723	16000
5953	4529
19015	16000
21948	6684
161	164
21948	17830
12460	13018
5959	5484
17801	17826
12981	16000
6579	19948
12999	16000
11083	8500
11199	12808
9390	6570
7662	1422
12901	698
21690	10802
373	16029
9454	6465
384	6468
15437	15436
5416	5434
13574	2149
6580	6575
11057	6225
3769	18462
763	12992
7322	9342
21666	20847
4537	4538
735	12946
10920	15237
21666	17758
13571	20661
9441	4038
12981	17811
2301	6212
21649	160
18020	6258
1078	9424
694	1090
3778	6247
5949	4532
745	12936
9446	5610
1154	1239
13588	13574
9418	1239
3776	11799
21666	11646
2293	6260
7321	18509
3770	6218
21690	10801
3763	2071
777	12905
14371	1561
11057	11779
11079	11056
19878	12238
12998	5617
7645	7636
7316	8920
16673	6465
11044	16000
19955	16019
21666	17748
3762	3768
18335	19183
12977	20150
7320	5742
16758	17372
582	10308
5731	5739
1334	8929
13571	2136
19608	16297
21649	18506
21950	12920
7313	6465
13564	2936
21948	17292
15437	13964
1335	20145
8490	1771
2236	13036
13587	13048
698	5610
1509	11085
21649	3550
8924	8908
3773	14154
16673	13186
21666	20845
728	13002
1333	11607
10251	6465
8480	8490
11251	21746
12972	12903
18330	15369
21666	20621
957	1283
669	661
3765	2281
2269	14032
9448	15226
18669	18665
7320	6459
21649	11708
22463	18014
816	6465
1548	11070
9407	9406
13576	10973
4039	2131
1293	405
1298	42
1126	11101
7320	5733
19955	20653
19865	6455
1558	11105
18461	18465
826	2609
21649	3554
736	12942
768	16000
4034	11795
13025	14157
9418	1768
5949	5960
5808	18453
16750	1960
821	2526
16758	16772
799	799
3770	6251
9418	8640
13967	13963
16680	13018
820	17374
15144	17378
13007	13007
6197	12928
711	12950
8947	405
11080	11786
2250	18462
21666	10802
12934	2143
21649	4130
14217	170
7655	2053
12896	11783
2236	5474
3773	2306
720	720
3768	6682
12930	18017
6580	11216
13576	2077
8943	16045
21945	12896
13047	13035
1154	1118
9399	8515
5829	16000
18335	6540
5725	12891
816	823
15144	5251
1514	2165
2283	18480
11079	20638
7656	7648
11093	1186
677	2139
16673	14690
4034	13015
21948	13008
9446	12971
21951	5532
1041	1290
21666	5447
3765	5512
21943	14183
11062	13062
11257	21741
18458	2237
18469	2237
2652	2639
19955	1768
1165	13810
19637	19625
11086	4534
1298	6465
21690	10800
4914	5254
6579	12954
1293	21359
672	651
21669	17733
8490	19954
2303	18480
16675	6465
16750	16774
11207	11206
17726	3994
11079	20621
21946	6469
13571	13584
810	11216
4307	4308
2236	21919
12914	14157
12999	5591
3762	17822
1126	11044
16750	16782
582	583
17998	6232
7645	14319
1172	1277
2236	2143
747	12961
994	20124
12930	10515
6580	13019
7309	6459
21951	13031
13571	14212
3765	3773
19865	2073
13013	20117
1041	1308
17680	4117
712	16000
19878	12195
1154	1056
1165	3566
713	13049
1014	13844
2258	10715
3767	6656
3765	2243
7321	6459
11094	1108
9453	6972
5828	18462
1154	7325
9380	1254
18333	405
12932	4711
19878	19869
11045	11079
19872	19873
7320	5728
11067	11086
9455	4042
12902	13035
5838	16000
21948	6678
10923	10910
2308	18463
1154	1029
13047	16000
16780	16758
21948	17309
18445	2237
5815	5838
5827	5842
2651	2632
13586	1771
18333	19182
3762	3778
12903	8011
13009	19115
1187	1112
21945	11786
5804	2250
3765	13002
1209	13193
1165	6468
8917	6460
21649	16257
12953	19525
5821	16000
12934	12944
834	2609
17719	17718
14206	170
1585	2165
7320	16271
13576	10976
21795	5250
2645	2632
21945	15226
7608	12813
1259	987
1151	2063
7320	7297
3762	12908
5417	6228
7299	14349
19612	11742
12961	12934
1277	19013
7605	13474
1298	1097
2271	16000
7642	7658
818	819
16675	13032
8912	16063
1070	20160
17675	4133
2271	6460
1312	6469
11582	6469
5419	18457
12906	11783
19944	11216
7608	6468
2271	18465
8898	8908
3762	12938
2309	2271
1105	1139
17717	17718
5417	18458
1154	1298
1165	1300
16256	3994
11071	1112
966	1092
12934	13028
7320	16278
16674	16675
643	661
814	823
3763	12965
12981	13017
1536	1560
7318	6459
7299	7296
6580	6461
1014	13836
21649	4125
1321	16441
12934	16000
13574	6979
813	11216
3778	6222
1154	1041
12974	16426
7665	6465
19876	5460
5697	5695
1544	11092
17809	17828
3766	12904
12893	12996
15144	13805
16679	2238
13013	13056
2271	5526
818	809
3768	3772
8897	8900
16673	2252
1523	11056
8480	5474
14950	5258
9395	9364
1118	6468
21649	21035
10917	10911
776	13003
2634	2639
3770	11786
16758	16765
13590	2047
16735	16756
11091	1186
21945	21951
5959	4524
3763	14167
739	13029
17821	17814
2236	13038
18462	18462
2440	20660
2283	2258
2252	5818
16679	16680
810	12951
19955	13810
8481	647
11071	17833
12934	698
10923	6491
4036	11216
17140	13820
7299	7313
18472	19463
15144	15705
9415	1768
21951	20119
11612	20117
698	10713
21669	17745
13042	14179
11591	2410
789	12999
14282	18326
19955	17373
786	12977
16675	13018
777	16000
5422	6232
19006	18999
2658	2639
21649	17730
21941	17298
13587	13003
15436	2056
8481	660
12979	12979
15140	6461
957	1067
19874	2064
5839	2280
374	16152
2258	10721
11071	2073
1109	16000
780	16000
12968	14152
11044	11082
13022	12903
7657	2072
2287	12989
11051	1112
12998	14157
11211	11216
19878	19876
2248	2280
731	12986
9453	6469
22456	18007
19015	19022
2492	9158
11197	12813
730	12911
8480	660
1527	1560
13009	21423
5806	16000
7656	13487
15439	20801
18669	18672
11102	4524
3766	13020
16675	6455
7299	6455
2311	19465
1249	1317
3770	6209
7627	2041
17800	17793
13574	10726
19955	16023
6579	2046
21948	2265
13587	13574
12942	12981
15442	6455
9448	4040
5408	6677
1542	2165
18326	18335
2301	6261
12923	16000
2293	2301
18328	18329
13009	17794
16674	2411
21666	15205
9370	9418
9438	8638
9418	6465
3771	21719
677	4722
2283	16643
739	16000
3769	2296
12903	8000
3778	15016
5420	18455
3769	12995
2267	19465
13527	14996
1014	1127
8490	16000
2296	5411
3771	21715
7322	15495
1218	1177
21645	21656
12947	16000
7648	11493
9438	6461
764	12993
8897	8925
21649	4535
813	13031
13528	15004
13047	4862
10923	10925
1551	1541
7321	7297
769	16000
723	12961
17839	17825
3769	19646
1548	1560
7665	6468
820	17367
9446	12964
21943	13024
651	10512
19870	19869
19881	2064
11211	12813
7320	16267
1212	16000
13574	11638
9438	405
831	14157
15442	15441
4916	4922
21950	2134
18330	12010
8932	8908
1578	2165
2651	2652
2490	6461
18328	6455
4308	17375
12958	12921
3765	2411
5421	6673
5831	5842
2436	5609
13004	1579
9408	6578
2492	6459
10251	6455
5841	16000
9418	1771
2312	2259
11051	15991
3767	17846
16750	16783
3761	3773
2255	12988
2271	2291
3765	15871
7635	7620
14952	5260
828	2610
11263	21737
2236	3505
1285	20117
1029	6816
21669	17752
1321	1174
19865	12253
11057	11783
15442	15440
766	766
1515	1560
2307	18465
8490	10301
11199	22320
11044	15993
7642	6468
7655	7655
816	13025
13020	5567
14205	14207
18330	12016
4036	6460
6308	5254
1172	6460
1029	13474
17851	17802
3778	11786
3776	11786
21649	20859
1121	1105
1154	1276
14278	13836
14280	13841
12981	17794
1041	607
18334	18325
16758	16751
17998	6677
3762	20647
810	20171
21948	12992
22465	18008
1321	1277
3762	17833
21951	6455
19878	13966
3767	15017
19952	19955
13587	13050
15436	6455
11052	1239
965	9408
11258	11254
7313	7306
12957	12981
13582	13002
12947	22466
15144	17379
15144	13829
7316	8900
9414	20160
3775	5862
11109	11056
8480	678
22458	22459
9438	1239
17793	17329
13854	1561
21943	13006
3778	15020
21666	21175
21666	5600
12947	18000
5417	18463
21666	11641
2283	18462
6580	9393
3762	11778
4034	6468
2255	2293
11209	15872
2244	2165
7299	15530
11259	21740
9372	6573
8947	6460
11260	13429
7322	8916
8925	6460
7625	7651
1010	6465
21666	20854
11199	6468
797	12944
8936	6460
17140	13822
3771	12944
13576	13573
13582	13031
13574	13041
16680	13032
18666	18665
11578	11581
21685	6469
1004	20118
6580	13035
755	12975
21943	17301
16675	16673
2271	2295
1154	1126
7621	2074
775	13010
1302	1308
21951	13016
1519	1560
13001	12914
21666	17744
656	2123
3762	6972
2244	20133
1016	6809
19009	13487
1041	6468
9449	2077
11071	12220
811	13818
366	19804
1555	2165
8480	652
11075	19643
3765	17825
1508	11107
18020	6677
16679	15871
2254	2237
2436	5473
19004	7652
13574	20132
1080	6455
10923	5254
13039	6460
7662	12812
1211	20143
714	16000
1338	20146
12942	14147
1297	13061
9415	6465
13587	13041
7303	7318
16675	1772
19870	19876
1223	1022
21669	17732
6580	14281
8486	8479
16779	16775
2283	11783
18453	18483
7647	2413
818	20119
2741	9634
2283	10723
1065	20150
2272	16646
13571	2125
808	14157
11618	9590
21666	21630
1334	8937
21945	12907
14278	13845
21649	3553
7605	7655
18672	15712
1293	6465
13571	14173
3778	12973
12920	11783
3762	3771
2293	13038
11086	4519
807	2073
13047	6468
655	675
11108	11056
9398	11216
1287	12017
3983	21916
766	13012
21666	21428
7316	7323
1508	2165
8481	654
966	14220
3776	11773
5420	6231
16675	2308
21666	9880
1084	42
643	5567
1112	11068
11903	3994
9418	9413
820	811
2280	2244
12460	12945
2277	5424
7655	11216
13013	12917
16777	17372
13587	6465
3762	14138
386	370
2258	10731
18019	16000
3771	13028
16750	16760
5700	5712
19467	5421
5834	2246
166	161
698	5494
12990	12889
3771	3776
829	13031
11958	2746
2646	2656
5429	6225
7303	7313
3778	17848
834	2615
2269	18465
19872	19646
11057	8500
19955	19181
4034	20642
4920	14589
21033	3985
9446	10723
13571	13032
7648	11489
19009	19014
1105	6465
15144	13808
14953	5250
1188	12209
17721	13822
17799	15123
5422	6628
21943	17293
16675	2243
3762	12220
1298	1043
13043	14181
2265	18465
2313	19465
2303	2237
2304	5428
957	1016
2293	13036
21666	5497
1557	2165
1041	17653
5813	2277
7296	6864
2657	5409
1334	8915
767	13046
3762	13020
15442	15443
5841	18457
13009	19121
1111	16000
13587	13590
1130	20623
750	12940
1527	2165
13576	6455
6308	15226
13029	16640
1298	6459
18335	18330
7305	7298
5420	6228
17839	15123
17821	1705
818	14157
720	13022
11617	16000
3765	18455
6580	9407
18468	18468
21945	12951
13047	4861
11071	11792
1128	16000
11612	5567
6580	19952
1522	2165
16757	16775
578	15706
17821	2489
3769	2278
18008	6247
1226	1139
2258	10728
6579	6540
769	13017
808	832
9418	9391
810	13018
8480	16000
9415	9391
1505	11094
1302	1327
17998	6218
5417	18003
3762	14139
19869	5613
19608	16318
6863	3994
11490	13487
18669	5254
765	2165
21666	8897
677	2120
3778	6251
19629	11741
13576	13593
4307	5249
669	20150
18468	2237
13571	13591
7648	2407
7316	7296
12981	14147
18666	10624
3778	15019
1312	9087
7656	7613
3763	2411
21943	17846
11102	1250
9356	9359
3762	11771
1126	6469
11095	11056
3771	12910
763	16000
5950	13840
1329	16000
17821	3774
6580	9414
10926	10919
1241	1014
8930	16032
5422	6219
13590	6465
11094	15204
2280	2302
365	15121
823	16342
742	13023
6579	19947
5816	16000
10251	13050
2614	12867
5835	16000
8897	16060
756	12896
19955	15375
5802	16000
7642	15121
3769	2071
11199	12812
13010	12894
3022	1771
18335	20160
11052	8640
3776	11789
19869	2073
2303	16643
21387	11050
1154	1016
12958	13002
17839	1709
13586	15226
1298	405
11614	16063
3763	14142
11057	1090
17820	1706
13574	12978
13574	2127
11204	6468
1185	8899
21948	12956
21649	18508
16676	2943
13576	13570
21948	17302
698	10716
21948	17308
7605	7629
11258	16246
13587	13031
772	13036
21669	17755
16680	2046
1022	10859
21943	12972
18014	6251
21649	17751
3762	18462
13843	13061
3763	15875
10923	6486
21638	4529
2612	20171
1154	6465
5417	6231
3768	11789
2254	18456
7303	7300
9453	2141
7320	5567
11052	11216
737	16000
12934	5567
19010	16000
13001	16000
11075	20801
1541	1530
19607	19618
1165	1112
7633	2042
9418	20160
16673	18465
757	12993
12938	16000
2741	2741
7623	12813
14215	16129
21945	21943
8921	8936
11255	11258
746	12974
22458	22463
12950	14157
19955	16000
17819	17854
17739	9876
13587	13039
811	817
15439	6455
8480	17374
21649	17758
5730	3985
21771	6460
13039	15326
1552	11053
2258	10720
13017	13017
21946	5532
9357	6568
761	16000
13009	11263
1130	6468
12988	12934
21669	17751
6580	19947
13571	12920
19009	19019
1532	1560
3769	13037
3022	6469
15144	17363
14371	13830
21633	16000
5700	5710
5950	5484
1283	6455
7619	2073
4705	13801
18015	15015
11208	15872
8480	5813
1302	1034
3778	6637
1005	10861
9380	1095
21649	20850
369	6468
19955	405
1543	11087
21666	8948
14282	9383
10923	16000
6579	9415
18461	18590
674	651
5836	16000
2490	6457
11204	2060
5840	2277
15144	13813
5833	2294
16679	2526
21666	17746
21666	8898
12981	6455
1041	1664
1515	2165
7313	6455
21795	16000
5812	2282
13009	17792
1523	1560
9445	11957
11051	11082
2244	2236
5837	2290
795	12958
5703	21591
5408	6208
6580	13053
7618	6985
17809	1708
7305	6465
9364	1171
21649	13844
7612	7613
19606	6469
3771	21917
13571	12894
13547	13551
3765	3763
3769	18475
19944	18326
22459	18020
21948	6627
1041	12010
648	11797
21649	13190
1154	986
12903	10713
3775	11783
14282	12954
765	13022
3762	21919
7299	8896
21946	3555
21694	13187
7604	16030
13001	12985
11090	11086
4920	4921
18453	18453
2239	2650
667	17367
18462	2237
7650	2411
5417	18447
14282	19945
7303	7305
7316	7318
1517	2165
18452	2237
9441	4046
21638	4522
1540	1560
14280	14279
1126	6460
13571	13039
382	14313
13039	15324
12903	10714
667	17387
8486	8490
6197	12908
3769	2243
18008	16000
773	16000
8495	8481
2293	6250
13009	11257
2293	12920
3022	3023
9356	7642
7320	19044
3767	14158
4914	4919
1524	2165
1553	2165
15144	5253
6197	15871
10923	13031
3777	18475
2281	5425
21649	4133
4034	2411
7303	7312
1123	9390
7303	7311
3762	17825
13527	13525
3762	4698
7320	15269
818	817
3765	12948
12987	814
16680	2278
19875	19874
12931	12453
12962	11792
17141	5254
17839	14313
653	5567
21795	6465
17835	17847
757	16000
2307	18462
7311	2618
1154	20163
13049	14170
667	17371
2283	16644
16758	6465
1041	1631
11071	20801
1287	12010
16269	3985
15437	13966
9418	9414
15144	17361
10906	10918
648	11777
11578	11216
14951	5262
9364	2073
9398	13474
9446	10716
1154	11914
12987	831
2610	2612
17998	15020
18333	11216
794	12957
1535	1560
19879	12244
11071	1035
817	16000
5811	16000
1010	3553
16680	2294
11074	17199
21672	21648
986	15723
11044	12728
7308	12010
13034	14157
16680	13186
1051	1157
17725	3985
17854	17814
17806	17828
16674	13016
755	16000
3769	2414
18461	18461
823	6456
19879	5474
743	16000
7296	6465
13586	16000
1029	20689
1531	2165
3763	14140
16679	11216
818	13002
11585	2407
5405	5420
21649	21915
2292	2237
21945	16000
19608	14319
2244	13020
17676	4113
17139	17140
8498	8498
19867	12257
4914	4710
1287	6468
790	16000
16750	16753
21948	17304
5807	5842
13049	14157
21951	6465
726	12916
3769	12928
13002	12966
12975	13036
14283	13842
15438	19646
21945	21946
4919	14590
5824	18461
3769	2300
21666	4130
2239	18460
3765	14167
17805	6468
21666	21424
1010	3549
741	12921
21690	10797
5832	18461
9438	16020
19879	2073
3762	17829
8480	6465
19872	17825
11604	11577
7303	7321
11086	4521
648	11792
21649	13836
4034	13018
719	12952
17836	17826
16747	16756
13527	10829
12974	5591
2489	2498
16758	17389
3769	15871
21649	17738
15144	1561
21666	10801
21638	4521
13034	2242
21950	17294
9660	9660
18323	4522
7656	2055
15144	13803
705	1090
16679	13002
1298	6455
16758	16742
3771	8011
15437	6468
1524	1560
12960	20150
21684	4524
10923	6455
812	16000
21649	173
6580	2252
3769	18472
21666	20657
7610	12812
1165	11216
21649	20845
1041	1629
9627	9676
172	13061
9415	9418
17809	19642
10917	10921
12902	2252
7605	2042
9441	6455
5700	5703
13009	21428
18472	2643
9435	16000
5954	4521
15439	1233
3778	6627
21649	17747
11079	1130
9446	6455
966	14219
21945	5250
966	1121
9446	10715
21649	4131
18462	18465
15438	15443
11080	11777
21627	21610
17807	17826
16679	2414
17850	14002
5845	2315
8917	16032
21388	3399
788	16000
5817	2269
365	385
7299	8938
9371	11216
7322	9340
1298	8640
21669	17730
18008	6258
7322	6814
2303	11783
1533	11095
2284	19465
21666	20855
18008	6251
1051	1119
9353	9401
8490	19950
7320	5737
727	727
698	10724
975	16000
1544	1560
11907	3985
9356	9413
5422	6684
946	20656
1293	1043
14941	15704
7320	5738
7316	9341
19638	11740
9455	6465
9395	12010
21669	17741
2316	18465
984	1659
13574	12971
15436	6465
1509	1560
2490	6468
591	11008
9418	18730
758	13034
1320	1235
12946	827
5808	16000
1539	2165
21945	5267
12903	10726
1213	1217
10923	6653
658	666
1581	2165
5814	5814
21649	4522
13043	11783
3765	2277
18458	18458
17997	12922
9446	12978
15144	10715
13587	13583
4918	4920
7316	7321
577	10292
651	10515
9438	6554
9446	13020
6196	15875
3549	13061
9446	12932
1187	20145
8943	16038
6308	6486
1014	13841
1041	1628
1298	1112
19878	2073
2498	15774
7296	6459
13049	13043
19870	19879
770	12923
19881	2075
9449	2940
4538	9673
2280	2143
12981	12891
1015	16000
9369	16022
8930	16060
21771	16000
21945	17302
21669	17754
1154	8899
969	9357
16680	18469
19465	11861
3777	18472
1334	8896
3765	13017
388	6468
713	16000
19873	16433
7652	2047
21666	11642
6580	9438
21649	16278
21666	5621
9446	4040
8897	8908
1287	12812
18333	1239
5810	18451
16268	16255
18011	18012
5813	16000
3762	11783
3762	14127
4307	17361
3771	12894
7296	6862
7313	6459
19011	13966
13027	4863
12987	17852
799	12992
1553	11076
6580	13002
5836	5842
5807	2294
19879	6455
1287	1668
16675	2268
3775	12932
752	16000
11051	11216
19955	18326
1555	11069
3769	12915
5833	5838
19630	6131
5713	5720
12968	14157
12938	6460
9438	5495
652	684
15439	13538
1302	1009
7635	15231
1041	1659
13574	10983
17139	5254
1541	1528
1315	20113
1154	11011
376	17805
2645	2634
19878	5613
1259	2048
1005	1022
5697	13043
828	6460
677	12498
759	16000
4310	13818
16674	2277
11109	11082
12975	13038
2271	13031
12893	20119
7316	13963
1154	7653
21649	17733
10926	10921
671	12471
9398	9415
16675	2294
8481	678
16679	16675
3762	14155
3767	6465
12893	12906
3769	14154
3761	6462
2437	2445
17721	11511
11613	16000
2444	20628
2445	20660
813	14157
12460	13002
2271	18463
17819	17828
21649	11904
2290	18465
14935	5254
5412	6633
13018	13018
12943	15228
13590	9448
13854	13850
365	14319
3765	18472
973	16000
5412	6678
21666	5446
5832	5842
376	6461
8493	8480
19011	5474
2258	10722
7321	18508
3771	20133
5419	6998
12952	12942
12938	11216
12922	17997
7320	5736
5725	12912
11057	13056
3777	14167
13009	15017
7299	6465
16750	16778
5700	12891
3762	12989
13009	12956
8486	649
1580	710
7322	16138
13008	16649
2271	14128
3778	17846
8908	3984
12952	10516
9381	9359
7319	6459
1302	1664
655	13807
21666	5528
13047	5556
11086	1336
1321	2077
1293	1300
19867	19876
2284	17854
3771	13022
19876	6455
5823	2254
8936	11714
12981	13009
13571	5626
17818	17826
3762	12946
13046	14157
3761	6467
11204	15872
17809	15123
12987	2252
15443	15440
6196	2411
19464	5405
13029	14173
12987	12956
2301	6239
9414	13920
729	16000
3778	11799
682	677
12898	11792
6580	816
1231	4524
6579	9393
3765	12915
2280	12988
13576	2940
6580	2305
21666	5498
12987	829
19879	6465
4914	4711
17821	1704
21649	14220
21951	5567
1537	2165
3777	14140
13571	12911
17998	6230
21690	10799
13571	12932
1302	1159
17805	1710
6580	6554
11092	2448
21649	21630
17739	9877
13018	13047
1118	6455
13034	18451
21649	16277
9381	7623
650	663
3765	12995
1533	1541
18461	2237
12931	1582
698	5567
1052	16000
5809	18458
21943	17305
8480	647
18330	4524
2630	2639
1293	1112
5703	15230
17806	17793
2498	6459
1154	6459
18471	2237
11199	15872
21945	17308
21951	6979
9416	6576
1066	4035
7299	7311
5824	5824
21649	17734
950	16000
12903	10727
12903	13022
21951	6469
18330	2073
1293	6468
8897	16138
7322	19622
11069	11740
698	5564
957	11054
12934	2123
14937	5265
1234	16000
7316	7302
13012	12981
17847	6468
946	20629
1060	16000
3773	11216
9391	9414
1074	8902
5955	4524
13574	9450
19955	11216
1154	1427
12923	1771
21666	5604
13571	17294
818	13031
11260	8838
3763	19646
5814	2307
12934	6972
12931	10511
946	2448
11082	6468
2284	2650
3765	13025
17826	3974
12896	14182
18014	6218
11044	11051
12934	5592
740	740
16758	16743
1101	6459
13009	20649
21666	5593
18328	6465
3762	19646
1293	11216
11084	1336
2255	2244
9441	6465
9457	2932
7665	2073
5721	12911
9418	6554
7642	7611
808	6465
1210	20128
19015	2410
2490	2491
11206	11205
7632	7632
5434	6250
13009	13016
1553	1560
19608	19624
2283	2237
1287	16000
8486	5474
1297	20625
12933	18013
8480	17361
12960	5567
12907	15017
21666	17733
1154	12813
724	724
1297	12209
1014	1336
5434	6677
13043	14157
19003	7645
7320	20114
12981	12914
7303	7308
18476	5416
9410	6582
18502	3994
11087	1135
698	5558
19867	6455
810	20167
21627	21696
3773	12933
21666	5573
5842	2316
14219	14220
3762	12941
5950	4524
986	1112
5417	6627
1529	1560
21666	17751
14943	14939
795	795
11079	20646
1144	15723
808	13031
12456	12998
18020	16000
7303	7319
21666	20655
11094	15205
10920	10920
4034	15871
19865	5613
14215	16128
1547	11047
14282	13822
6575	13018
21943	14139
18460	18465
971	20115
1286	13810
17834	16029
1547	2165
3767	6455
811	819
7316	7313
12934	2139
1121	16000
2437	20630
11084	5952
11582	11577
21638	4535
7623	7611
2443	20635
747	747
13571	18471
643	20119
7302	6459
4039	807
818	13013
1014	16000
3765	19646
8480	17371
11049	13474
12990	14157
18469	18469
9438	6540
9438	12010
16673	20119
1226	6465
5957	10515
19866	17806
12930	22466
7322	7299
2308	12965
8486	652
2434	20657
5959	13844
19878	12217
1548	2165
3762	2309
21945	2134
18014	6258
5823	5842
1046	20122
16680	16673
13002	12967
13038	13038
1302	1670
16679	13016
3778	12913
21612	6469
21608	16000
1503	2165
13027	21442
823	12896
7655	13474
3771	13010
14215	14208
3769	13002
7316	7300
1040	1161
2654	2640
9402	21391
1298	1239
21649	20854
18016	6655
11086	4524
7305	11041
375	6458
9446	10724
6308	5263
16777	17382
3765	16367
7316	8905
3765	813
177	161
5707	5263
3771	11783
9446	13039
18457	18457
658	659
3769	14142
9395	12016
2639	2649
19944	17373
19865	5459
966	2436
18007	17997
17843	1711
16679	2277
21389	3397
3769	13017
17850	2284
823	6455
21943	12956
729	13000
18465	2237
21666	5513
13587	6455
11051	12728
13590	13050
1010	3555
8481	649
8930	16052
5725	3554
5428	5419
1048	7657
21945	21950
3762	3767
16758	16748
21951	13018
2271	2293
19875	17825
4536	9624
3769	17846
7659	7665
3776	6222
1584	18019
3773	13005
1008	1107
16758	16767
2249	5423
1126	1229
6580	9415
1265	2077
18330	1171
376	6458
826	817
8499	8499
21666	5485
6579	13015
6580	6468
14282	1249
21649	14218
11044	1300
9424	6569
1154	1090
12985	1579
1298	40
7322	6465
17681	4129
9627	9627
9446	10718
12998	18458
3765	14140
13047	11216
13571	12964
13013	13026
2315	5541
7316	7319
9453	804
706	21919
11044	1112
648	15017
5698	13563
3762	14179
1041	1670
14282	14280
1528	2165
21943	17299
9421	6571
21666	20843
7320	3504
2311	16000
5420	18486
7665	6455
21666	5482
1899	3985
11071	19643
9453	805
21649	4117
12460	12949
21687	13840
21948	17300
659	13822
3769	12991
15440	15441
11095	2073
2244	13028
19607	8899
717	16000
13571	13582
16673	11216
986	15721
16758	1561
813	13016
1154	1006
12932	4710
4308	17371
11086	5952
701	1090
12915	18005
13571	13031
1532	2165
3763	13002
643	659
716	16000
11068	11075
3762	12935
3773	17823
5700	5721
21649	4530
7316	7308
1554	11108
14938	5255
21945	2140
12968	11783
736	736
7662	6468
12960	12906
1213	6465
3773	16000
9418	9371
17677	4131
12931	10512
21649	3555
5822	2272
11057	12230
8486	647
18016	16000
5422	6678
3768	6656
2301	6218
21946	11216
3773	18472
15444	15439
807	6955
1112	11044
9438	20568
4914	1561
1226	13186
2638	2657
9438	12017
7640	7619
15144	17374
3767	6644
1556	11066
1087	20141
3552	3556
820	12906
19876	5613
1154	16000
1286	6468
13046	11783
3552	3560
4034	12928
12940	13009
6579	9425
957	1026
8897	6862
3765	14157
1522	11052
1121	1127
5825	2294
8932	16052
13574	12932
1154	1321
829	817
21649	13186
2272	18480
5801	16000
2258	10723
7299	7320
13023	11783
8943	16034
21948	2140
10923	6468
10917	10919
732	12891
11091	1208
8480	15712
14940	15709
986	1025
2308	20622
2608	12866
1297	12205
1126	2073
1265	16441
3762	3775
14939	14590
16780	1561
1302	1648
1277	2077
14282	13037
18017	18009
670	666
1298	4316
11091	978
19460	19461
21946	14690
7322	6805
21950	13050
2490	2498
3763	13037
9432	9350
21948	12920
21943	17296
15438	16140
15444	16595
2305	2299
21649	13840
5815	2239
3763	13019
12932	12961
9456	9440
19879	20659
15444	6468
3778	6459
21945	5249
21943	14173
19879	5613
11591	16676
3767	11789
1283	18333
13009	12914
13002	14157
11197	15872
2259	2237
19878	5474
9446	9443
12903	8015
7296	6455
17997	6627
13039	12974
830	6465
17139	10624
17798	17826
17808	17826
12975	13032
1537	11088
21666	5539
3762	12979
2440	10512
2258	2165
2492	6455
21669	17738
2261	5427
14956	5266
13036	14179
818	812
2305	18484
1165	13099
11093	1208
17853	17826
1510	2165
7320	5739
2284	5422
6580	12889
2653	2632
1150	2077
16674	15875
19608	6131
21649	1904
7657	14313
13007	14157
1010	1139
17821	14319
2271	13060
16674	13474
6580	2269
1579	709
19875	19646
16679	2305
3769	12945
21945	6455
13576	6465
3763	16367
21666	5557
1154	6455
21943	14182
21669	17750
1552	2165
7635	6460
12923	5591
3777	3773
2498	11216
21951	5250
1126	1103
1535	11091
11071	2077
671	667
6579	11216
11068	708
3765	16000
11086	4528
21946	16000
13018	12916
21649	17724
9396	6574
18331	4524
7648	7643
14282	14278
7303	7296
18503	3985
9456	6955
5414	6252
13550	14996
13527	1767
13590	13039
1310	16000
7623	6468
16673	13035
21946	13035
2247	3499
1504	1560
6308	11764
1060	20659
2301	6227
580	582
1503	1560
957	1287
807	13
8947	11216
21945	13013
2304	2650
11071	11777
1504	11093
1141	1297
9402	2410
8908	3982
16758	16779
18009	6219
2236	13016
2271	18451
13848	3022
3552	3549
1040	6458
5707	5711
1041	1648
2301	2264
14282	13840
8480	654
7305	12010
21690	10805
10913	10913
737	13039
3762	12965
1127	1221
7308	6459
21666	20631
2285	2305
21948	12986
816	828
18465	18465
2250	2258
9446	12921
9450	6465
1286	1300
1022	11216
19876	5566
8487	8486
3778	2285
1121	173
586	15704
1226	13193
21666	21695
721	16000
18330	1157
19011	18999
12987	16000
796	12996
5825	5842
14625	3022
5834	5842
11254	8837
1010	6455
15439	17812
12901	5567
7623	7653
7651	13965
16679	12899
1266	20144
5700	5714
17803	17826
1098	20119
3552	3559
2255	2310
4034	2414
8897	8922
1540	11063
3769	2306
16675	16678
3765	2071
5844	2303
2641	2639
21669	21690
974	20140
3765	12945
21649	21672
21649	168
16675	12965
5420	6627
8480	15711
1551	2165
1118	405
5804	5842
2293	2165
1539	1560
6197	13036
9395	16030
11612	16595
7623	7620
7322	16595
16673	2254
818	12906
12909	2120
17839	19653
13571	6455
21649	20851
17799	1707
7322	5778
5820	5842
831	13031
1509	2165
2305	2308
7665	2067
19952	1768
5422	6230
2614	2612
810	14157
6580	9352
5831	16000
1552	1560
21945	21941
12456	12990
21649	4121
3778	12951
5420	10703
15439	19643
19878	12229
9453	801
4914	4913
13588	13586
808	823
21649	20847
13009	11258
18672	16000
5723	5699
11578	6468
12459	13035
7320	19045
16679	5532
8500	16016
375	6468
984	6459
818	6465
1154	15121
21943	2134
21620	17744
21649	4521
16679	13032
1033	4524
5725	13043
7635	13477
3765	11216
985	7645
21666	5444
17847	19868
9456	6455
13009	21427
18452	18452
3767	11764
21946	13018
22458	22465
2490	2492
1584	2165
1557	1560
21666	5461
14371	13828
21951	5512
1118	11216
4035	2943
9414	9413
1551	11216
8936	6817
1099	14008
2246	18462
1560	11216
13574	13
1543	2165
712	13018
21666	17732
959	16000
11578	2407
16680	12965
21941	17307
1586	17997
986	1198
2290	5412
948	20138
12931	12938
5814	2269
698	11644
1154	1259
1297	20624
9453	6460
21666	5540
1041	12016
2283	18465
7316	7320
21943	11777
1154	1112
724	12905
2259	18451
14215	14221
3771	5567
2239	18457
2500	16000
2611	12865
19024	16000
3762	11792
2254	18465
12953	12940
827	13031
719	719
6579	6554
715	16000
3767	6649
1080	6465
1060	2073
18335	5572
21945	21948
2490	16595
8481	8485
1154	1190
5810	5842
9391	20568
13035	734
17817	17806
2271	2239
5842	16000
7299	2050
7303	7309
3763	12982
21649	21614
18328	12010
19881	19881
18000	18015
19873	19646
7655	6468
16679	12928
7635	2411
829	14157
814	6465
3771	6455
11095	13056
11063	1064
11210	12812
13574	5610
957	6468
9415	6456
12961	2120
3763	2281
17673	4136
21795	6455
21649	11911
14215	14203
10923	10914
12975	12912
2242	5405
21666	4535
13574	12964
998	20163
13019	12461
13009	20113
2301	6209
2644	2655
6580	9425
8930	14319
9448	4048
7320	16280
9413	5567
13027	5556
18015	2165
1514	11051
7640	1764
643	664
7642	7626
18336	4522
7305	11708
7635	6983
11211	22320
16675	2046
11262	13429
21620	17735
1522	1560
19882	17819
5840	2311
5840	5838
771	16000
19869	6455
4922	4921
966	176
831	2611
3773	14147
1519	2165
1154	1174
12923	13039
18326	8640
12934	20133
364	6468
21945	12996
7322	9338
2293	6225
3761	6458
4047	4045
728	16000
19008	16595
698	10727
13047	21442
19869	6465
656	12487
2310	21919
21649	21651
3773	2055
21646	21672
715	12957
21649	16255
9391	16015
14219	20619
698	10718
3777	12931
13009	19442
7616	7616
21951	13
17679	4121
19867	6465
1221	6458
19025	7623
13013	13020
830	823
4031	2936
8930	6460
1226	6455
6308	11789
19944	22321
3773	17825
699	1090
17672	4125
11204	12813
19944	16000
7603	2048
11066	1332
733	16000
2498	3641
17856	17793
7635	1428
22458	22455
13009	16000
3771	6465
4034	2046
21943	12970
1130	11216
7320	16255
9438	16015
12907	12907
13018	12994
12957	14147
957	6455
17721	13798
1298	21360
813	13474
21666	6465
5833	2242
7625	2073
21941	2134
21649	17760
7635	15876
21771	3504
3769	12931
825	1239
3022	1957
21951	13032
7308	12017
16758	16756
1146	16000
12456	12945
9440	9453
2305	2237
7299	8901
13590	13567
1240	16000
7299	7305
13588	12951
12903	10718
1192	16000
21649	13841
7316	8945
3560	13061
19011	13963
11057	1102
12981	17792
11057	9087
21771	16595
9456	6465
5815	2277
12934	13016
5835	18459
7623	7640
9379	9360
3771	11778
7610	6468
382	385
16673	6455
3776	6637
14215	14204
11211	12812
13574	2121
1287	11216
6308	16670
588	11011
7322	6813
812	817
6580	12945
9395	9418
3773	2300
18328	6468
9418	405
14282	12945
11075	17856
810	822
658	658
13010	2123
2244	13050
21945	2121
6197	12900
717	12958
19955	16024
14371	14372
12911	14139
764	16000
16758	16755
13574	10716
5408	6250
11198	15873
19626	6459
3775	13003
12991	14157
12984	13006
21649	16267
1283	6465
21943	17295
18012	16000
5700	5707
21951	11216
7316	8935
3769	14157
7320	16258
718	12960
19878	19881
19009	19020
7662	12813
1246	2407
5829	2255
10923	5263
5723	10983
2243	5417
21945	11777
11080	6219
1536	11058
7623	16000
19944	405
698	11637
21666	20654
11707	3994
16679	16000
21771	6467
972	6460
13583	9450
21666	6455
3763	12931
19873	12236
3769	13005
11210	15872
12903	8016
21669	17746
13047	5567
6308	14173
9415	1771
2543	3985
16744	16772
18009	6628
5709	5713
5417	18483
15442	6465
1154	1421
7618	12812
17674	4114
1014	13845
21666	17730
957	1293
3769	17850
13571	5457
6579	13018
5831	2294
2441	20654
7645	7646
7299	14352
12905	12984
813	2608
19955	16014
7316	7309
1334	8942
11053	1023
5828	5842
16679	13018
5417	18465
19870	16595
8486	8485
19025	6461
1130	9402
12981	12956
819	817
5839	16000
18461	18482
19607	8909
12981	17804
11079	20651
18010	6262
16679	12900
2293	2247
21666	5502
18008	6228
827	14157
382	6468
12930	14062
17819	17793
19865	12204
11199	2060
17847	17851
1246	2409
2284	5410
818	13032
13049	17797
21666	20851
16679	2046
14282	19951
9456	2133
1529	2165
7623	7660
12934	6973
7299	8914
698	10732
3762	5459
3766	12944
6867	3985
18020	6250
9365	16021
10911	10926
7322	12017
1072	42
8906	14323
1901	3994
14625	1768
17843	16000
14942	5261
8480	649
9364	2077
17820	19804
774	16000
677	6973
16744	16751
9415	16000
16758	16754
2739	9673
3765	12894
681	651
13010	6972
2315	18460
369	17795
2300	5426
18334	8641
12990	13019
15144	17382
8939	16034
13587	11783
13574	9455
21951	12911
753	12900
16758	16776
3022	3020
1096	8929
17816	17793
21666	8926
1293	1239
11612	13474
1241	1153
17998	6250
18015	12936
5420	18477
15144	13812
16674	12961
8480	646
3773	19646
11075	2077
1298	11216
14945	5263
5427	6633
3769	810
2315	18465
3769	17825
3771	8000
782	12956
8908	8555
1163	20148
371	20805
2612	20165
1235	42
778	16000
16758	16777
2265	18474
21649	18509
15144	17368
1558	1560
19878	13963
779	16000
1286	13100
7608	15236
21649	9880
4922	14586
1510	1560
1144	15721
9446	10719
18334	18335
3763	12922
19639	19642
19877	6455
5811	2280
7635	15872
3768	6676
5700	5699
1154	7324
7290	2412
12981	12986
21943	17298
714	13048
9415	11216
2612	20170
3022	1960
15144	5248
1505	1560
19955	4535
7642	7620
13004	16000
17141	17140
18451	2259
16750	16771
3767	6654
21649	13845
14205	163
13565	2932
2653	2638
3769	14140
960	20155
1121	160
5802	2299
7303	7320
8922	19647
7322	2042
784	12953
12895	12895
18332	4522
2291	13016
16758	16752
6308	6653
16675	16680
9417	6581
2301	6251
9395	9391
19635	19634
17799	16000
9373	9431
1531	11082
17141	1561
4034	12965
12949	14157
1154	11032
9414	9359
5959	13840
7299	8919
16680	13016
578	15713
8933	6460
820	819
2745	2743
21945	17291
716	13013
21649	13846
13527	13532
1213	6455
8490	11505
7321	14395
21669	17742
16756	16775
1503	11084
9454	4047
12931	751
656	6972
1154	1022
21951	14690
7625	6468
14282	1179
1298	16000
830	809
7320	6465
822	14157
13009	14147
13002	13002
12992	12984
652	13810
21666	10804
8480	13821
1154	6468
2282	18471
6579	9407
760	12902
7322	6459
828	809
19867	16433
19865	6465
18666	5254
18335	6554
19608	11916
11958	9456
21951	14139
1112	11050
3769	16367
21951	3553
5417	11778
5820	18471
7322	16598
13574	13016
17809	15121
5837	5842
6579	9438
21948	12951
21945	13050
822	817
16673	2277
1508	1560
12950	12950
1519	11090
957	6465
13587	14131
9446	4044
5700	5696
756	16000
1544	2165
2293	12912
15444	16598
12931	830
1507	11098
669	653
1514	1560
16680	18458
21945	2265
19876	2073
12981	13016
8480	6455
1302	607
12981	12936
820	817
5950	13836
11211	15872
3767	6639
21666	5473
697	1090
3763	12894
13574	9440
21666	20635
1539	11057
12931	22467
2293	6235
8939	6460
21649	20843
15144	17371
673	2130
11057	4698
782	17829
22460	18012
3761	12908
9379	13474
2647	2632
12911	11783
3762	9087
21649	17723
18459	5415
1188	20624
6308	13031
11199	15877
21948	13022
12981	12911
3762	18455
19621	8909
3775	12964
4034	16000
14215	172
1536	2165
19606	16000
2282	18465
7316	7301
10906	10917
4914	17370
9418	6540
19870	19877
9456	2128
21638	4532
7651	11982
1154	1032
7612	2073
788	13038
823	13031
3762	2055
17847	16000
12984	13029
698	11643
13027	13035
4307	1561
3022	3974
3769	3763
733	12912
13967	13966
833	817
15247	13806
8908	3989
7322	5497
13001	6627
3773	17846
3775	6455
999	16000
13558	10834
1302	1701
5723	13576
12931	4698
13571	2134
1235	43
2610	12868
376	6468
21666	17683
13571	13579
10923	6465
8936	8947
17824	17826
13042	11792
12902	12987
2258	10717
823	14142
5957	10512
3775	14131
9438	1768
21649	10797
3767	6469
19878	19874
677	2123
813	6460
2307	14032
1154	1271
5700	5711
2492	9143
21387	3398
5836	18476
11051	1300
730	16000
18333	4524
10923	11783
18328	18331
9440	4038
16674	16680
12456	16000
22457	18003
2741	2739
9446	16000
19878	12244
12903	11783
18322	4521
986	15724
3778	11789
2649	5429
18328	12017
12938	2130
13590	13583
11071	2040
7299	8915
9398	9352
2440	20650
7645	7654
2316	18470
3769	17810
21666	8924
5707	3554
2236	3484
12923	13048
21951	12901
1226	16000
10923	11789
3762	12944
9923	13747
4988	21444
13119	13141
3197	11921
22454	21444
13119	9917
5961	5934
19178	21444
22443	11685
13119	13138
19179	21444
13130	13131
22454	21443
9917	9923
22442	22450
9923	9927
3017	11920
3209	3200
9923	9934
5935	13747
3205	3016
8893	21444
3204	3202
22452	11684
3208	3195
3019	13747
3414	11920
22453	22447
22447	22449
22454	11683
22447	22447
5933	13748
5966	21444
4992	21444
3199	13747
3199	3202
19178	19175
19178	5933
9916	9925
9916	9922
4988	5933
5965	21444
22443	11683
8891	5933
3197	3202
22446	11681
9923	9924
3212	3195
3204	3217
8890	21444
8888	21444
22441	11680
5965	3016
13119	13145
3204	21444
4989	21444
3016	13748
3412	13748
13119	13136
5934	11921
22446	21444
22449	11686
3213	3205
13119	13120
5963	21444
5965	5969
19178	19172
3209	21444
19180	19175
9922	13747
3197	13747
3207	3016
22443	21443
5966	3016
9923	9933
22446	21443
5966	5969
5961	5933
19179	19175
3199	21444
4993	21444
3209	3202
3194	3207
3415	11921
19180	21444
9916	9932
22441	21444
22453	22453
3018	11921
3199	5933
9923	11921
22450	22449
3197	21444
3413	13747
22443	21444
5936	11920
19173	21444
3211	3210
9925	13747
5961	5969
5963	5969
5961	3018
19179	19172
19173	19172
22441	21443
5961	21444
9923	9916
8891	5934
9923	9926
3199	11921
9923	9921
8891	21444
19173	19175
19172	3016
3210	3016
15561	20500
14547	6085
5087	146
15551	15585
4439	11230
15650	15582
15643	15556
5087	1748
15660	15547
15567	15547
15628	15621
15583	15643
11736	153
10781	13748
16397	16393
9210	21443
15965	15964
5081	147
15599	20500
15636	20504
15605	15599
15620	14248
15570	15602
15653	14847
20504	154
6921	6919
15596	20496
10781	10792
15616	1362
14543	9208
16386	16395
11736	3016
15632	15661
16389	17067
15656	15965
11545	6086
8505	1748
15602	20500
15558	15588
15573	20502
14542	9211
16404	17082
4137	6360
16393	16396
15581	20506
16389	14848
14551	9210
16382	16391
20506	158
14551	9215
15548	15600
5078	5069
14542	11680
15572	15547
15651	15610
14551	9211
10781	10788
15658	15606
15649	14847
20672	11868
16386	16394
15608	15547
15611	15628
15598	15628
15548	20500
15628	15608
15627	15563
5079	9213
11735	9206
15606	15547
10794	13748
15548	8831
16389	17081
17071	17069
13507	148
9207	21450
16396	16413
15553	15556
14542	16511
14542	9206
11737	9206
15604	15546
16401	16381
15612	15573
15581	15556
11733	3016
15594	15613
14042	14043
1361	153
15649	20505
15641	15611
15556	15656
15555	15556
4870	13748
6325	6342
15577	14847
13515	15753
14547	9208
5083	149
15548	3978
17092	17076
15596	4138
15596	6502
15652	15549
5093	11868
17065	17077
11868	13511
5091	148
14546	9215
15590	16406
15547	16397
11729	11738
11729	11727
15561	14758
17074	17096
15569	20506
15610	15627
15609	19803
15588	17071
7673	13511
16397	17070
21386	11868
12846	13511
11729	11735
1362	13511
14548	11685
15569	20500
15620	15556
15561	20496
16382	16405
16387	16381
6361	6348
1364	147
5083	5069
11739	13511
11737	11735
15555	20502
6344	6368
15617	15644
5087	13748
15573	20496
16414	16382
16397	16389
15586	15963
15565	15601
8507	9212
15565	15630
15580	15547
15602	20502
15645	15635
15557	15547
16397	17081
15556	16397
15605	20500
16402	16404
16396	16414
8507	20662
15626	20502
15602	12846
15650	15625
8850	4436
4430	4435
15633	15662
15559	15547
15555	20506
15610	15560
14551	11681
16411	17082
17079	17069
16385	17082
11731	9211
15599	20496
14758	13511
15589	15641
15588	16406
15613	15576
14546	3016
16400	16391
16411	16380
8830	153
3979	153
6342	10783
15658	15547
5087	15602
11737	9211
15605	15963
20504	20501
15573	15556
18597	15676
5085	5087
15600	20506
15586	15581
15586	15626
13502	5933
15600	15963
15626	15646
15653	20498
14548	9208
8505	9212
15600	15556
11737	11680
6000	6001
5082	5069
6870	147
16393	16380
5082	159
15571	15640
15579	15632
10781	10791
11731	9206
16406	16390
12844	153
16391	16386
10793	13748
15593	4871
16408	16403
15590	14847
11729	14756
16389	17093
16413	16386
6360	6368
11732	8956
15657	15642
14547	16514
10791	10795
16409	17082
8507	13747
14548	6085
10795	13748
15565	15963
15614	15628
15647	15547
15609	20500
11545	11838
16382	16383
4644	153
15602	15564
9532	9530
16392	16411
15574	15549
15656	15637
16404	16405
5071	11230
15600	15646
14542	9215
15599	15963
6922	6920
15648	16397
4138	15676
11734	11735
15626	18596
16411	16410
15626	15556
16414	17082
14546	9210
6310	13511
14546	9208
6344	6361
9213	21451
15605	16568
11736	9211
14543	16512
10791	10786
5086	8506
11735	153
20504	20496
17097	17077
16399	16395
15600	20502
15610	15645
4137	153
15569	20502
15599	6780
5086	8503
15586	15553
15555	20500
16386	16398
15612	15963
15597	15652
15631	15647
15553	20506
14042	9213
10791	10789
4438	4439
17082	17088
15612	15556
15626	20506
16402	16391
14546	11683
4643	13511
16396	16405
8505	20662
14047	9213
15622	15584
14190	14184
9216	21445
15590	17097
18598	6325
15565	15569
15548	20496
11737	3016
15553	9531
11735	9211
15605	15646
15550	14847
15646	16397
5075	9213
6325	6361
15609	20504
15583	15612
14551	3016
14048	151
15618	15657
16404	16391
16386	16408
15607	15660
16383	16405
15553	20502
6345	6361
16389	17066
16386	17082
14548	9206
15581	20502
8850	20662
15601	15552
15592	15547
15569	20496
5089	5087
16409	16405
17087	17092
15548	20506
15600	4643
14546	9206
14543	9211
15569	8504
22414	11868
15573	20500
15586	15646
15616	20502
5092	153
15573	6310
15643	15586
15586	15619
15601	15658
10771	153
15596	15963
15595	20506
15619	15556
15550	17098
15562	15547
6344	6342
16399	16394
11733	9211
5086	13748
15618	15607
14543	6085
6781	153
15620	20496
15565	15646
15629	15658
16382	16413
15625	15547
16393	16413
5079	153
14045	11225
10791	10785
15600	21410
20502	150
16397	17083
15577	20498
16396	16380
15612	15561
4434	4439
15593	20506
16391	16405
21409	153
16399	16408
14045	11230
8830	6345
14548	3016
6360	6361
14543	11683
15602	15616
14185	11225
15609	7583
20430	11868
15616	20496
12844	10786
15655	15547
16397	6921
6344	6370
5068	5076
15639	15562
8502	8503
11733	11681
6371	6352
15600	15600
14248	13511
16385	16409
15624	15577
15662	15618
13502	1748
15596	20506
16383	16391
15641	15617
8505	13748
15564	7671
15550	16407
15599	20504
14542	3016
15566	15559
15647	15594
15584	15547
15609	15646
16567	153
15630	20506
15602	15646
15620	15636
16411	16384
5088	21452
15564	20502
15652	15547
15605	15556
5075	152
5091	8849
6873	13511
14047	14043
16383	16413
15551	15580
16397	17082
11736	11738
15593	20502
15605	20496
15548	15556
3979	6371
4871	13511
7583	11868
15628	15614
15644	15547
15635	15547
16397	16392
14546	6085
6360	6342
14848	14849
5091	11544
5091	11921
8505	8503
20500	20496
15630	20502
15600	20500
14551	16516
15598	15547
14548	9210
15594	15647
15628	15598
15577	17089
15632	15603
6371	6349
10791	10788
15548	15646
15600	15583
15616	20506
15570	15550
16396	17082
20431	153
15583	11739
15609	15963
16414	16413
10791	10792
2469	5933
6872	153
15561	15556
15555	6873
15609	21386
15590	20505
16395	16403
15586	15595
16381	6919
16568	11868
5075	5069
15620	15620
16400	17082
17096	17077
6871	149
16397	17067
11230	11224
15596	15556
17094	17096
16387	16406
15616	20500
15596	20500
5087	157
15611	15639
11736	9206
15599	20430
15575	15547
14246	14247
4870	2525
15609	15596
11737	9210
6503	6344
15964	15967
11733	11685
15576	15547
16404	16413
14550	13511
15555	15634
15616	15556
15569	15646
14048	14043
10773	13511
6780	11868
15620	20504
15589	15650
15600	10773
15609	15556
20502	20501
15604	15554
17088	17070
5087	13747
15561	20502
4436	4437
15636	15556
15621	15571
6371	6368
14546	16512
15640	15604
17080	17072
20502	20495
5086	157
14542	9208
15638	15572
16383	16385
15586	15556
15626	22414
16409	16391
14543	3412
11735	3016
14543	13748
15636	15646
15564	15556
6325	6368
15561	20506
20504	145
8507	13748
21410	13511
15596	15548
7369	7373
6345	6342
16413	17082
15596	15646
8831	15676
15610	15638
15616	15634
16384	16410
5086	6085
16384	16399
1360	152
15636	15963
16386	16412
16402	16405
15630	15556
15573	15634
5088	11542
6921	6922
10791	10794
6311	153
11736	11683
5076	5069
15633	15651
5088	21447
6003	6001
16382	17082
16386	16403
11729	11730
15583	20495
13511	10787
15617	15655
15639	15575
14247	153
6361	6324
16397	17068
15570	13748
6345	6331
15578	15547
15605	20504
19802	153
15619	20506
21385	153
11731	9210
11733	9206
15548	18597
15550	20498
16400	16402
16393	16386
15569	15574
9214	21449
15593	15556
11732	11735
15656	15629
6325	6346
15650	15578
4439	11225
14551	9208
11731	3016
6345	6349
15587	15547
15610	15566
15591	16397
16414	16391
16414	16405
16409	16400
15583	20506
1363	149
15643	15963
15595	15556
20502	154
10781	10786
15613	15622
11225	11230
14548	16513
14549	13748
6502	15676
14549	2525
16401	16407
6869	152
20671	153
10781	10789
15661	15547
6503	153
16402	17082
7584	153
8507	1748
15636	20672
13503	13506
14185	11230
15588	14847
5082	9213
11735	156
15561	15634
15602	20506
15643	15565
5088	8851
14542	9210
16399	16390
15636	20500
14551	6085
15565	15634
5086	8501
5087	15550
17069	17077
15612	15646
16399	17082
9206	21446
15634	15620
15583	20502
11736	9210
14756	153
6360	6363
15549	15547
19803	11868
15608	15628
15555	20496
15585	15547
15595	10621
15581	7372
15582	15547
8507	8503
5085	146
15564	7673
15620	20506
15593	4870
16400	16405
15636	20506
14757	152
15622	15579
6325	6349
7372	13511
10793	6367
20502	20496
6360	6349
15602	15555
15609	20506
2470	2468
14543	9206
15583	20496
15569	8508
15571	15633
20504	150
9209	21448
5085	5091
9531	13511
11735	14756
15546	15587
15602	15556
15599	15556
15577	16407
15630	14549
17085	17076
15643	15646
17068	17082
15583	15646
15612	15593
16399	16403
5083	9213
15619	20502
14551	9206
15626	15963
17082	17084
15620	20500
14044	14038
15609	20496
15583	20500
16385	16405
11731	11685
9211	21444
15605	20506
11735	11683
15573	20506
6344	6349
14546	9211
15548	15963
14542	6085
14548	9215
16389	17083
11733	9210
11736	14756
15569	15634
15639	15557
15599	15609
6002	13511
18598	153
16396	16391
2473	11230
15602	20496
15569	15556
18596	11868
3978	15676
15574	15552
17089	17092
15554	15592
15609	5093
15600	20496
15547	15637
15581	7371
10621	13511
15599	15646
15629	15549
5086	20662
5086	1748
15602	15963
15599	20506
15618	15597
16385	16391
15588	20505
6345	6368
14850	14848
11545	6085
15631	15552
8507	153
8508	13511
15650	15567
15642	15594
5081	9213
15619	6002
11729	11921
16386	16390
14043	5089
9533	9530
13507	7586
17088	17099
15560	15551
15564	20506
15595	20502
20502	145
17098	17076
15565	15556
5081	5069
17073	17072
15614	15547
10781	10785
15563	15547
15569	8509
15579	15589
6361	6367
15636	15605
15548	20504
16392	16399
14851	14849
5079	5069
15620	15631
11731	11735
15636	20496
6371	6361
15676	13511
16383	17082
17072	17076
14548	9211
15629	15647
15630	14550
15657	15547
15603	15547
5069	5089
11733	11735
15596	20504
15561	15646
420	15130
17554	17559
9029	9053
130	128
16557	19146
12668	22121
469	4008
12585	12567
12654	22017
473	15127
16557	19722
17566	17559
453	15127
15995	3456
19161	3455
10064	6465
19161	8689
18655	6459
17573	17567
16557	19715
17566	17568
9055	4018
9186	9181
10086	18078
1438	19366
10084	10091
16559	6469
12649	9733
9170	9165
442	22076
476	15129
9031	19688
12664	12649
16556	16558
442	22172
414	21991
472	15133
12523	12539
12523	12527
469	10091
15994	135
485	22271
16557	19701
12540	6469
10080	12410
20112	3502
9053	22270
16559	6455
9047	14604
1438	4007
10071	6465
1438	10084
9038	22104
19162	19143
16557	19165
9030	9031
9186	9161
17573	17553
16559	6460
12642	22121
472	20369
9191	9180
9160	9181
1438	4014
9056	16561
9053	22141
10083	10069
16557	12663
7794	20122
9038	22070
469	438
18650	18658
10084	4026
10071	10053
16557	6465
10072	10073
19162	19153
449	1951
18655	6465
9056	14599
16564	6469
12540	12520
437	462
19161	15213
10809	10811
471	15130
9050	9062
10092	10101
469	19694
12555	12538
17554	11417
10076	4569
428	15133
15994	3456
12573	3456
10071	6467
12576	12545
16555	4015
9170	6468
16557	19160
453	20379
18632	18658
422	15133
4864	17205
408	457
422	15129
12516	6461
437	15128
15473	3456
17564	3455
453	15133
12513	6585
408	15134
12561	3455
18655	19366
9037	19693
10053	20114
12668	12649
485	15130
10807	3458
10812	10809
9053	22223
10086	10052
20835	22172
16557	4028
418	10062
9184	9159
19161	20122
408	15129
16557	10103
16557	14595
12662	12649
453	408
12520	6461
4866	11216
16555	10056
12516	10078
17554	17568
9059	9048
493	15130
10086	16559
9055	10091
20820	20829
12561	12571
454	15133
16558	10056
9053	22227
17560	17553
18653	18658
425	15130
17568	17558
9050	4558
9053	22092
9182	9163
9044	9737
491	15134
9037	12410
9171	9181
17560	17571
19162	19160
9160	9189
466	409
478	15135
472	15127
12540	12516
473	15128
9029	9031
425	15126
19161	9525
20109	3504
12516	10102
12135	20160
10086	2862
408	483
12520	6458
16557	6455
16557	10082
9053	22028
9031	22199
16553	16556
15997	3458
2863	1771
9050	19663
16555	10103
11389	2864
18655	6468
472	10069
15994	3453
16564	3456
17581	17566
130	10070
18655	10082
428	5026
9172	9183
17566	11430
12649	3142
16557	10061
15473	6469
17581	17553
12540	12563
9053	22078
9053	22111
472	450
471	15129
9165	12661
10086	18088
9059	19671
12135	3456
4866	10072
9053	22049
9053	9047
16558	16560
9190	9181
1438	10061
9163	9181
16557	19153
420	15133
432	15133
10096	10073
9031	3455
12516	10060
16564	6465
19162	19158
15473	20113
449	15133
18655	10061
15995	2862
17568	17580
9171	9159
17554	17578
10077	6467
438	411
12649	9735
409	492
428	12417
453	15129
492	22017
440	22172
17563	17580
9031	9733
9170	11216
443	4569
426	15129
12585	12517
9038	9031
16563	4007
19161	9528
454	15129
16564	6460
15473	6585
9186	9743
12516	16558
9037	10093
428	5023
1949	12402
10054	10091
19162	19154
12513	12522
12649	3453
18655	10091
420	408
15473	3397
449	15127
472	12411
18646	18658
10813	10809
9053	22232
496	15128
15997	2862
472	424
485	22279
9162	9187
9050	22001
19161	8691
130	4558
10051	10076
10086	10078
9050	19687
9191	4581
12523	12555
471	15135
17556	17588
9172	9161
493	15126
472	15129
9179	9181
10080	3456
12649	3140
492	22175
9037	22173
408	491
16557	19158
10086	4009
9186	9159
16563	15132
12523	12544
10078	4005
453	498
17569	17588
9190	9159
9170	9740
17566	17572
12645	12649
10808	10807
472	20379
9183	9162
16558	18095
10051	10069
9050	9737
17566	17578
19162	19146
16555	6465
10087	3456
9038	22129
9182	9159
10067	10069
10056	10076
12516	6459
9168	9161
9053	22132
420	15129
16557	10093
9172	9159
16557	16563
469	19661
16558	12648
437	406
9179	9159
428	15128
12507	12538
12516	10058
16555	10091
12523	12547
12561	3456
19161	9526
9053	22236
9190	9163
9170	9164
18655	18644
15994	133
17571	17553
485	21988
16555	10061
449	498
16557	19679
414	22076
9034	9055
476	15130
9050	12656
9034	3456
12655	12649
9034	19706
12516	3455
9053	22149
9040	9045
9170	12661
12661	12649
10087	10095
4866	15215
17581	11436
16565	16555
16559	3456
1438	10083
18643	18658
10083	12410
12516	10068
130	4050
9170	9167
9029	19681
12650	12649
471	19723
16557	3455
469	16566
449	20379
10061	10076
9038	22029
16557	19695
12656	12649
12649	9742
12540	1759
9166	9741
7794	20163
16557	10063
9050	22207
10051	12410
10073	10079
12516	12566
12644	12649
469	16561
9061	9059
9165	9732
15473	19151
12651	12649
9160	9171
9184	9176
18649	18658
19161	9529
18655	18637
12516	6469
7794	7795
12561	6465
16558	10055
19162	19156
17568	17553
472	15128
425	15129
16559	6465
12649	3494
9183	9159
457	481
4866	9517
9162	9743
12573	12584
10071	10074
10054	6595
10083	10089
10051	10083
408	466
12520	3455
9182	9189
9038	22076
472	15130
12658	22121
12135	20113
18655	12641
16557	4579
492	22089
10064	3455
432	15128
12502	12538
10077	6465
491	409
9053	22143
449	15137
9056	10062
12657	3141
10080	10057
12540	12513
10053	4051
130	10061
408	15125
1438	4020
12540	6454
9174	9187
18645	18658
12523	12533
476	432
9187	9165
9056	16552
471	15133
10086	18094
12540	12576
9055	4866
10074	5763
9047	3455
18655	18633
10087	10067
16557	19743
10078	4000
16557	6469
472	15135
15473	13197
12523	12502
18635	6455
16554	10091
19161	9517
12665	12649
10806	10810
9053	22079
16555	10053
16558	7329
453	15138
9031	9734
478	15128
10071	10103
17568	17567
10072	20145
16557	19726
17573	3455
12643	12656
426	15130
453	20382
17566	11417
4864	14602
17581	17583
18655	10084
10056	10066
19157	19161
478	15127
479	15127
12513	12541
9182	9171
9056	14602
496	15135
16559	3455
17563	17553
9181	9187
469	12661
19162	19157
453	15128
17554	17560
4866	9525
9180	9170
19161	6469
17568	17556
16555	10071
9174	9729
19145	19147
9040	9046
449	15128
4866	15216
469	19719
10063	10080
10080	10069
130	3456
9179	9177
491	15125
12658	12649
18636	18658
1438	4024
18655	4022
15473	15477
12523	12556
453	12405
10080	4014
12523	12531
408	481
16558	15131
425	15128
9053	22225
18655	10099
2862	1768
432	15126
9038	9036
9043	9737
9062	2526
449	20382
449	15129
19161	6454
9037	3458
10078	16554
16555	18087
9177	9159
9038	3455
449	450
4864	6703
16555	18095
485	22244
4866	10096
422	15130
425	15133
18641	18658
19145	19143
9043	9031
12640	12658
9186	9174
472	15126
9055	10054
10099	5759
18655	4005
9175	9163
17554	17565
10066	10080
17558	17588
10087	2862
9053	22159
7795	20116
471	15127
9179	12666
428	15130
15994	132
9043	22206
18655	4014
18638	18658
10813	10806
20112	20110
18664	18658
12540	2863
18644	8845
10080	10083
418	20143
17563	17561
15994	129
4866	9529
1438	4010
9034	19702
16557	4011
12540	12573
16720	2864
18635	6465
16558	10059
12561	12584
476	425
18631	18658
18655	4011
18657	18658
10086	16553
1438	10082
12654	22089
15996	2862
16558	10061
453	15130
453	15135
4866	20122
12540	6455
18655	18635
16557	19155
10093	5746
491	406
408	409
9163	9187
12523	12553
9031	9737
19162	19155
10077	6460
12561	6455
19161	8690
428	15129
12513	13197
10067	10076
18639	18658
10086	16565
9059	19665
10067	12410
16557	10069
10077	3456
454	22167
427	15126
492	22260
414	22172
16557	19148
16557	10059
1438	10091
12540	12561
12626	19685
16557	7329
10096	20124
491	15130
10064	10074
472	4596
472	4585
16557	15131
12649	9734
9160	9159
17554	11414
9170	9730
15473	6453
12504	12538
16558	16557
16555	18078
16564	6455
454	15127
7794	20113
16557	19156
12513	531
16559	16564
493	15129
479	15126
12641	3139
17581	11417
18659	18658
9179	9187
432	10069
19161	19164
9050	22221
1438	10076
491	15133
425	10069
12516	6468
19161	8688
9165	9167
12540	3455
485	22119
9050	22041
16555	6455
9184	9166
18640	18658
4866	9523
19162	19163
16557	19163
9172	9162
9177	9161
10086	3456
9183	9181
9044	9031
19164	9523
16557	19677
9190	9171
493	15133
9177	9181
16555	3504
9184	9189
432	15129
4864	7339
19161	2864
19162	19165
493	15135
16557	19691
9179	9163
18660	18658
17554	17587
9053	19740
12644	22121
10063	10057
9053	21992
10078	3456
12516	6465
4866	10062
18655	3456
426	15126
18661	18658
427	15130
9165	9185
449	1950
19161	15216
9042	19730
12542	10083
432	15127
18655	4024
449	15138
18635	4005
16559	10061
437	454
9177	9189
476	15133
16558	10082
15994	134
472	20375
442	21991
9053	22215
9175	9186
493	15127
19162	19159
18655	6455
16557	12414
469	10062
18637	8841
17554	17555
10806	10808
9184	9181
17573	17569
12542	6465
16557	19742
428	15127
9038	22172
16558	10103
428	15126
476	15126
9050	9056
17583	11427
12561	12543
485	22165
476	493
425	15127
15994	2863
15994	127
12523	12521
471	15126
16555	6467
9038	22019
9055	4002
454	15135
17581	17563
12513	19151
9042	19669
9179	9161
9053	22110
18656	18658
469	7794
9050	22148
16557	10075
12516	16555
12513	542
19145	19157
485	22056
12540	12585
9053	22072
12585	19145
16557	6699
4865	19733
18655	3458
18655	4010
10095	5747
18648	18658
9177	9168
12523	2863
426	406
15473	3455
428	15135
12516	6454
1438	10095
12576	6469
17566	17560
17554	17592
9172	9181
469	16552
491	481
498	489
10071	3455
15473	6454
10101	10073
16557	19736
10054	4016
1438	6455
9161	9188
10089	4589
17581	11429
18655	10051
9053	22069
428	5025
12513	12554
9053	3456
9029	9737
9053	3455
12563	3456
9190	9189
4866	6700
425	15135
10061	10066
10064	10103
15473	3400
12523	12565
9159	9739
496	15127
18663	18658
10064	6467
10078	10077
9053	22085
12540	3456
469	4012
4866	10071
491	15129
9170	6465
17568	17573
9038	21991
12540	6465
18662	18658
432	15135
16564	3455
473	15135
16555	18075
19162	19152
496	19721
18655	4020
18655	18651
16558	4017
449	15135
10810	10807
9037	6697
9031	22134
12516	12542
12523	12537
9163	9168
9171	9189
479	15135
10095	10093
19162	19147
18652	18658
9029	9061
9056	20122
9037	9048
454	406
10812	10806
449	20370
16557	16722
9171	9729
16557	4001
408	15130
9175	9181
12523	12519
418	15127
454	15130
9053	22201
20823	20832
10067	10083
449	15130
16557	19162
9029	22189
12516	6455
9037	6703
12516	2864
20817	20829
485	2863
20111	3504
4866	12661
12655	22121
1438	12641
4864	10098
12642	12649
12523	12569
426	15133
9055	3226
17566	17554
472	12405
4866	19728
130	131
17573	17580
453	20370
16563	10091
12666	12649
9053	22067
471	15128
9029	9037
16563	12661
16563	10059
16558	10071
16557	14605
9053	22217
2864	1770
18628	18658
16557	14606
10095	17543
479	15128
479	15130
16557	10056
12542	10076
1438	6465
428	498
1438	4011
10064	10053
20823	20817
12513	5755
18655	12657
16564	10056
9170	6467
9053	22272
12542	6455
10076	12410
19162	19148
10053	10073
12516	10101
10053	3504
496	15126
18629	18658
432	15130
10094	20150
9160	9163
412	10061
9029	3456
17566	11427
1438	6469
9176	9739
18655	4007
9038	22156
12663	12649
10086	4017
9034	19693
3593	7674
3596	7676
9261	7676
14472	14477
14472	13822
9260	7674
6601	13748
3612	3615
14472	15699
14464	2958
3595	7678
6600	11920
9263	7675
3594	7675
9262	7678
12482	12493
12472	12493
351	353
11503	13805
14589	14593
10871	4867
10310	15716
350	14590
12474	12493
14588	14593
12480	12493
14588	5250
14585	14593
363	17382
351	357
11860	11863
12468	17372
11524	13803
345	339
12478	17376
11852	11863
12493	11505
362	1771
14592	5249
10295	15707
10304	15714
14574	5254
518	16124
14573	14593
347	14577
12040	12036
11512	13830
11501	13800
12470	12493
346	5250
11520	13819
12492	17381
353	5252
12491	17366
9505	9510
11857	11854
14580	14593
355	5250
12471	11525
11526	13825
14577	14593
10307	15715
11856	11865
362	351
11516	11516
9506	9510
14580	5255
11529	13822
14574	14593
352	361
9516	9508
11513	13821
14576	14593
11539	13806
9510	3398
338	361
9510	9509
11506	13799
12476	12493
14591	14593
10867	4868
11530	13831
351	337
10300	15706
12496	12493
12482	17365
11521	13798
11508	13815
12486	17385
345	357
12485	12493
10294	15708
14575	14593
11509	13817
11528	13820
11507	13833
12490	17387
11523	13810
12487	17380
9513	3399
14581	5257
10305	15718
12475	12493
12475	17375
12479	12493
14592	14593
12483	12493
11852	11853
12478	12493
340	361
11857	11863
12479	17360
11531	13816
11522	13827
12480	17373
11536	13828
11865	11853
10302	15705
12485	17368
11518	13824
11533	13832
14573	5259
12477	17382
10311	15717
10293	15712
13923	1771
354	5250
11866	11853
10868	4867
12492	12493
12484	12493
14583	14593
11540	13802
353	5261
350	344
11863	11853
11862	11864
12486	12493
13921	1771
14572	14593
21442	3566
12495	12493
11855	11853
12036	12038
12494	17364
12469	17371
351	354
14584	14593
14576	5261
14582	14593
9515	3397
12491	12493
11854	11853
11500	13818
13924	1771
14578	14593
14593	10301
14572	5265
9506	20155
351	5256
12488	17369
339	341
11859	11866
9506	9513
14586	5247
12481	12493
13922	1771
516	517
12470	17370
14577	5260
12489	12493
11515	13814
12490	12493
12497	17379
516	20618
12498	12493
11858	11853
11535	13801
9504	9509
12496	17383
345	350
363	17389
12498	17362
11514	13826
10296	15711
14590	10308
14579	5264
359	9514
11504	13808
12472	17361
12468	12493
20618	16128
12473	17377
352	14580
11856	11863
11517	13807
14587	5248
20618	16129
11859	11863
347	361
340	14582
357	5250
12474	17389
12497	12493
11862	11863
10713	10725
351	349
12473	12493
14591	5251
351	345
10297	15709
12476	17363
9505	9513
10298	15710
14583	5256
11867	11855
11510	13829
351	346
12037	17371
14571	5253
11527	13813
11867	11863
14575	5266
14582	5258
10309	10309
337	5263
14579	14593
12495	17388
20620	16124
351	355
10303	15713
14578	5262
12469	12493
351	363
11538	13811
12494	12493
9504	3400
9515	9509
11519	13823
10299	15704
12484	17384
14586	14593
12483	17386
14584	5263
14585	5252
11502	13804
12467	12493
12728	4316
11532	13812
351	17377
12487	12493
11864	11853
12467	17367
20618	16130
12477	12493
351	17370
14589	5267
12488	12493
11537	11537
12489	17374
10306	10306
344	11861
363	11853
11860	11858
363	17371
14571	14593
12481	17378
338	14584
14587	14593
11534	13809
9505	20160
351	5250
14581	14593
16351	18459
12324	8962
14177	11775
12297	6458
16348	13038
12286	12288
15953	15949
12930	16363
12311	12286
14157	1871
12330	12319
15956	16375
4419	8958
15950	16349
18462	18478
12324	12313
16362	11783
16360	12951
16352	14140
4425	19969
16369	16362
18461	8307
4425	4405
15956	16356
18474	18455
4425	6462
12330	6461
12324	12323
12335	12263
12266	12266
15953	15948
12335	12010
16341	14179
16361	14141
12334	6461
15959	16378
16366	14132
18453	16646
16373	13017
12283	12286
12936	9091
12311	6468
18462	16668
12286	12276
12283	12319
18471	18478
12334	12286
12283	6458
16351	18458
15946	16358
16351	14132
12986	14151
16369	13002
16360	18459
15947	16355
18470	18483
16368	11783
13005	2306
18478	18456
18461	8306
14151	16670
15957	16346
16351	11783
12895	16342
18445	3747
12334	6468
14177	16650
18476	18455
16362	14181
12296	12266
12297	6468
12931	21723
12930	21712
16365	14155
12286	12315
12272	12292
12297	12286
14128	11778
4425	2432
15953	15950
12330	6458
14150	14155
4425	4404
12335	12319
12330	6468
12304	12296
16370	11783
12297	12319
15956	16376
12335	6458
18477	18455
14134	11494
14150	11783
16351	14155
12930	16671
12930	13439
18450	3746
12297	6461
18460	18465
15958	16372
12335	12286
12285	12277
18471	11792
15953	15954
14002	16671
18450	6627
4425	16000
14160	16351
18477	18449
12283	6461
14166	11792
12330	12017
12931	16648
16362	14157
15949	16377
16341	11783
16370	14182
16361	11783
16351	14140
12986	11771
14177	11771
18478	18461
12286	12313
12930	11777
12334	6458
15951	16376
18472	16666
18476	18472
18462	11792
16350	15956
16351	12951
16350	15960
4425	18451
14157	18479
12286	12323
18445	18455
16352	16342
12334	12319
15955	16375
12330	12286
14128	14141
15956	16378
15956	16372
15953	15957
12986	11783
4419	4408
4425	18458
15956	16355
12324	12269
12931	11779
12335	12016
15952	16356
16365	11783
13017	14177
12311	6461
12335	6461
15953	15946
12335	12324
12324	12288
15954	16371
12335	6468
15948	16347
12311	12319
12891	16646
18455	1871
18447	18455
12311	6458
16368	14139
18471	16652
12330	12010
12283	6468
12936	12986
7700	10710
8516	3494
8516	6470
7703	7700
20107	17004
6945	6947
11998	11999
8516	17226
20106	3502
20106	6469
8516	11216
20107	16979
8516	17225
2164	2163
13185	4878
5189	5192
2527	2527
5190	5189
7699	7701
20107	16930
20107	17019
13108	13108
8518	3489
13185	7699
2164	6469
6948	6945
13185	3494
20107	16897
7703	7701
20107	16959
7701	10711
6945	6944
8516	17034
8516	17033
8516	6456
2164	2160
11999	3486
8518	8520
2347	2344
19248	19248
19854	19854
2344	16000
19235	19235
19856	19856
8527	8529
15031	15031
15021	15021
15021	15039
19800	19801
16509	16510
15039	15024
15031	15039
